8,
6,
-8,
1,
-3,
0,
1,
-1,
-2,
4,
4,
1,
9,
0,
3,
-3,
2,
-2,
-1,
-5,
-3,
0,
-3,
3,
9,
1,
6,
0,
0,
4,
-5,
-1,
1,
2,
1,
-2,
5,
-1,
-4,
4,
4,
6,
2,
-4,
3,
1,
1,
-6,
-3,
-1,
1,
0,
8,
2,
3,
4,
2,
-4,
-2,
6,
-2,
5,
2,
2,
1,
2,
-3,
-8,
0,
2,
0,
-5,
-1,
-1,
1,
3,
4,
-1,
-5,
6,
3,
-2,
0,
2,
-2,
5,
-1,
2,
-2,
-1,
7,
-3,
-1,
-4,
0,
-1,
4,
-5,
-2,
4,
1,
-1,
2,
4,
1,
0,
-4,
0,
4,
-2,
-1,
4,
-2,
2,
1,
6,
-1,
-2,
3,
0,
3,
-5,
-2,
1,
1,
1,
1,
1,
-2,
-1,
0,
2,
-2,
4,
-6,
-1,
7,
-3,
-7,
1,
2,
-4,
-7,
4,
1,
0,
-1,
5,
5,
2,
1,
-2,
1,
-4,
2,
7,
-2,
-3,
3,
1,
4,
1,
-3,
-9,
1,
2,
6,
1,
5,
-2,
-6,
3,
1,
3,
-4,
2,
1,
1,
1,
4,
-3,
-3,
-1,
-2,
1,
-6,
1,
-3,
-2,
3,
4,
-3,
-6,
2,
5,
3,
-3,
1,
-8,
-6,
-4,
1,
2,
1,
4,
1,
2,
2,
-7,
-2,
-7,
1,
-5,
3,
3,
-2,
2,
-1,
5,
7,
-1,
0,
-1,
3,
-1,
-2,
1,
-1,
-1,
1,
2,
-3,
2,
-3,
0,
5,
-4,
-4,
1,
-3,
3,
1,
-1,
-4,
-6,
-4,
1,
2,
-4,
-4,
-1,
6,
-2,
1,
0,
-2,
-6,
-4,
0,
-4,
-5,
-2,
2,
0,
1,
-1,
-2,
3,
5,
1,
7,
-1,
4,
2,
2,
9,
3,
-3,
-4,
-7,
-4,
-3,
-4,
-6,
0,
1,
1,
0,
-6,
1,
-5,
-3,
1,
-2,
-1,
3,
2,
0,
-1,
-2,
0,
7,
1,
-6,
-2,
-2,
4,
5,
-2,
1,
-3,
2,
6,
-2,
-1,
-4,
0,
-4,
-1,
1,
2,
2,
4,
-1,
4,
4,
4,
5,
1,
2,
1,
3,
1,
-2,
-4,
-2,
0,
1,
3,
1,
2,
-3,
-4,
6,
0,
7,
0,
6,
1,
0,
2,
-7,
0,
-2,
-1,
2,
-4,
-2,
5,
-1,
-8,
0,
0,
-5,
-8,
3,
4,
0,
1,
0,
3,
2,
1,
-6,
3,
-6,
3,
0,
0,
-2,
-6,
-3,
2,
-4,
3,
-1,
1,
-3,
-3,
-6,
4,
0,
-1,
4,
-3,
-3,
4,
2,
-2,
0,
-2,
6,
0,
1,
0,
-2,
0,
2,
-8,
5,
1,
6,
0,
-5,
1,
2,
2,
6,
7,
3,
2,
0,
-1,
-2,
-7,
-7,
0,
0,
-2,
-4,
3,
-2,
-3,
-2,
3,
-1,
5,
4,
-1,
1,
0,
0,
-4,
-2,
4,
-3,
0,
2,
-5,
-3,
3,
0,
-2,
3,
3,
3,
-4,
-1,
-1,
7,
4,
0,
1,
1,
1,
-1,
-1,
-1,
1,
3,
0,
3,
5,
2,
0,
3,
1,
0,
3,
3,
3,
-8,
-6,
2,
0,
1,
0,
-2,
-3,
5,
1,
4,
1,
-5,
4,
3,
-2,
-1,
5,
5,
0,
-1,
-7,
1,
4,
1,
-1,
-6,
6,
3,
4,
-1,
4,
1,
0,
3,
6,
3,
-1,
0,
-5,
-3,
-9,
-5,
6,
7,
1,
-5,
-3,
5,
3,
0,
-4,
-1,
-5,
-1,
-2,
1,
3,
0,
0,
5,
3,
-4,
-1,
3,
2,
-10,
-5,
8,
0,
-2,
-3,
2,
2,
-1,
-3,
-7,
1,
0,
-2,
-1,
1,
-2,
4,
0,
-3,
5,
6,
2,
-1,
-5,
-1,
7,
-2,
3,
0,
2,
4,
-3,
-2,
-3,
0,
-2,
1,
-1,
-5,
7,
0,
-1,
2,
1,
-2,
1,
0,
-5,
0,
-6,
0,
2,
4,
1,
-3,
2,
0,
-3,
5,
3,
1,
3,
1,
8,
1,
6,
2,
1,
-4,
-4,
-4,
-3,
-1,
-3,
1,
0,
5,
2,
7,
1,
2,
-2,
2,
3,
-2,
1,
3,
6,
3,
0,
1,
3,
7,
1,
0,
1,
4,
-1,
-2,
5,
3,
-1,
1,
6,
0,
-2,
-2,
-3,
3,
0,
-6,
-2,
6,
5,
2,
1,
2,
0,
-3,
0,
-2,
-1,
-3,
-2,
6,
-4,
-2,
-3,
6,
-3,
2,
0,
-4,
-5,
-7,
-3,
-3,
-4,
1,
-1,
0,
-2,
-1,
0,
2,
-2,
-1,
-7,
-1,
-4,
0,
1,
-5,
-2,
2,
1,
-4,
1,
4,
3,
4,
0,
-3,
-2,
0,
2,
-1,
0,
-7,
-1,
5,
11,
7,
-11,
-3,
22,
24,
-6,
-27,
-10,
39,
28,
-31,
-54,
26,
86,
12,
-109,
-72,
115,
164,
-65,
-265,
-36,
385,
285,
-498,
-833,
954,
5419,
11397,
17031,
21318,
24353,
26521,
27787,
27844,
26610,
24302,
21037,
16813,
11795,
6326,
782,
-4731,
-10234,
-15498,
-20161,
-23849,
-26448,
-27968,
-28363,
-27567,
-25599,
-22554,
-18512,
-13643,
-8233,
-2624,
2923,
8365,
13658,
18479,
22465,
25342,
27117,
27844,
27521,
26036,
23348,
19559,
14884,
9564,
3895,
-1794,
-7300,
-12531,
-17411,
-21722,
-25081,
-27219,
-28133,
-27928,
-26698,
-24399,
-21011,
-16636,
-11488,
-5842,
-6,
5692,
10965,
15627,
19646,
22968,
25446,
26871,
27121,
26200,
24211,
21170,
17145,
12324,
7050,
1664,
-3686,
-8989,
-14122,
-18780,
-22560,
-25221,
-26713,
-27156,
-26621,
-25068,
-22455,
-18769,
-14148,
-8893,
-3383,
2100,
7417,
12496,
17168,
21130,
24154,
26109,
26978,
26761,
25401,
22947,
19503,
15229,
10257,
4770,
-891,
-6371,
-11445,
-16065,
-20206,
-23659,
-26091,
-27253,
-27182,
-26055,
-23974,
-20930,
-16912,
-12030,
-6581,
-937,
4590,
9826,
14680,
19004,
22542,
25013,
26314,
26526,
25781,
24093,
21386,
17621,
13004,
7848,
2470,
-2917,
-8186,
-13173,
-17667,
-21435,
-24289,
-26130,
-26901,
-26571,
-25124,
-22606,
-19131,
-14810,
-9800,
-4330,
1254,
6647,
11627,
16152,
20150,
23382,
25566,
26542,
26350,
25134,
23006,
19951,
15965,
11143,
5736,
94,
-5442,
-10579,
-15204,
-19269,
-22654,
-25129,
-26489,
-26689,
-25823,
-23981,
-21167,
-17394,
-12771,
-7545,
-2001,
3590,
8955,
13856,
18101,
21585,
24277,
26036,
26678,
26074,
24288,
21526,
17977,
13719,
8791,
3385,
-2117,
-7369,
-12182,
-16539,
-20354,
-23405,
-25453,
-26367,
-26166,
-24922,
-22677,
-19460,
-15357,
-10562,
-5281,
236,
5696,
10811,
15351,
19246,
22423,
24711,
25898,
25928,
24906,
22978,
20154,
16404,
11804,
6608,
1107,
-4406,
-9675,
-14457,
-18542,
-21883,
-24424,
-26048,
-26562,
-25850,
-23992,
-21187,
-17600,
-13323,
-8428,
-3089,
2405,
7793,
12828,
17259,
20867,
23544,
25288,
26099,
25879,
24463,
21891,
18354,
14130,
9411,
4286,
-1070,
-6349,
-11228,
-15540,
-19265,
-22311,
-24445,
-25459,
-25323,
-24185,
-22174,
-19291,
-15538,
-11023,
-5992,
-699,
4569,
9591,
14128,
18060,
21283,
23697,
25124,
25404,
24524,
22627,
19895,
16407,
12212,
7420,
2210,
-3141,
-8384,
-13248,
-17439,
-20757,
-23188,
-24754,
-25391,
-24990,
-23464,
-20928,
-17587,
-13610,
-9026,
-3957,
1383,
6672,
11639,
16062,
19756,
22564,
24396,
25243,
25066,
23821,
21479,
18227,
14328,
9977,
5192,
25,
-5286,
-10306,
-14692,
-18330,
-21295,
-23559,
-24907,
-25106,
-24114,
-22137,
-19352,
-15857,
-11676,
-6907,
-1782,
3447,
8543,
13263,
17339,
20568,
22878,
24285,
24764,
24206,
22568,
19934,
16527,
12528,
8040,
3111,
-2122,
-7371,
-12274,
-16534,
-19963,
-22518,
-24207,
-25019,
-24835,
-23540,
-21136,
-17837,
-13913,
-9530,
-4730,
387,
5597,
10594,
15071,
18855,
21807,
23824,
24820,
24772,
23705,
21652,
18667,
14872,
10508,
5753,
764,
-4319,
-9274,
-13808,
-17641,
-20666,
-22848,
-24171,
-24561,
-23902,
-22186,
-19520,
-16087,
-12053,
-7536,
-2674,
2393,
7451,
12209,
16388,
19736,
22181,
23752,
24461,
24153,
22705,
20160,
16790,
12878,
8572,
3866,
-1180,
-6278,
-11095,
-15394,
-19003,
-21820,
-23718,
-24585,
-24435,
-23315,
-21215,
-18173,
-14335,
-9975,
-5302,
-441,
4549,
9486,
14065,
17966,
20966,
23011,
24091,
24261,
23523,
21832,
19089,
15371,
10952,
6212,
1428,
-3376,
-8240,
-12973,
-17136,
-20325,
-22448,
-23678,
-24154,
-23750,
-22241,
-19632,
-16216,
-12312,
-8062,
-3450,
1475,
6486,
11251,
15469,
18944,
21520,
23181,
23939,
23791,
22650,
20432,
17239,
13332,
9011,
4422,
-363,
-5262,
-10060,
-14479,
-18258,
-21188,
-23153,
-24088,
-24042,
-23101,
-21253,
-18454,
-14756,
-10432,
-5802,
-1082,
3699,
8462,
12993,
16976,
20176,
22464,
23802,
24160,
23498,
21850,
19246,
15782,
11626,
7001,
2180,
-2625,
-7316,
-11810,
-15944,
-19436,
-22038,
-23562,
-23998,
-23421,
-21915,
-19543,
-16395,
-12629,
-8421,
-3944,
704,
5398,
9970,
14162,
17729,
20466,
22252,
23059,
22942,
21951,
20085,
17286,
13634,
9376,
4845,
264,
-4298,
-8804,
-13075,
-16820,
-19813,
-21927,
-23125,
-23382,
-22652,
-20975,
-18386,
-14956,
-10876,
-6383,
-1774,
2822,
7351,
11736,
15720,
18997,
21302,
22603,
23004,
22567,
21277,
19056,
15925,
12002,
7543,
2824,
-1884,
-6437,
-10773,
-14756,
-18190,
-20817,
-22499,
-23241,
-23084,
-22005,
-19910,
-16833,
-13019,
-8811,
-4434,
31,
4557,
9007,
13145,
16724,
19574,
21590,
22664,
22739,
21846,
20083,
17492,
14069,
9930,
5413,
855,
-3576,
-7902,
-12111,
-15955,
-19081,
-21234,
-22427,
-22756,
-22256,
-20851,
-18504,
-15283,
-11388,
-7052,
-2461,
2170,
6675,
10915,
14745,
17987,
20457,
22052,
22726,
22464,
21268,
19162,
16209,
12534,
8279,
3646,
-1122,
-5734,
-10010,
-13871,
-17265,
-20049,
-21970,
-22836,
-22653,
-21621,
-19875,
-17349,
-13936,
-9727,
-5107,
-504,
3883,
8088,
12140,
15809,
18758,
20800,
21900,
22148,
21546,
20066,
17697,
14497,
10586,
6171,
1557,
-2947,
-7210,
-11227,
-14937,
-18135,
-20532,
-21961,
-22423,
-22008,
-20737,
-18593,
-15638,
-11965,
-7753,
-3204,
1448,
5930,
10065,
13778,
17016,
19630,
21422,
22232,
22074,
21038,
19155,
16439,
12975,
8899,
4422,
-252,
-4901,
-9263,
-13158,
-16468,
-19161,
-21133,
-22211,
-22266,
-21379,
-19719,
-17393,
-14303,
-10380,
-5841,
-1147,
3287,
7328,
11086,
14581,
17582,
19804,
21093,
21459,
20951,
19581,
17361,
14397,
10831,
6793,
2430,
-2039,
-6351,
-10335,
-13893,
-16939,
-19323,
-20863,
-21494,
-21264,
-20193,
-18304,
-15602,
-12198,
-8241,
-3909,
601,
5052,
9181,
12853,
16025,
18607,
20430,
21322,
21237,
20301,
18618,
16191,
13048,
9250,
5016,
552,
-3917,
-8163,
-12018,
-15353,
-18094,
-20148,
-21373,
-21643,
-20928,
-19354,
-17048,
-14110,
-10592,
-6567,
-2198,
2353,
6826,
10936,
14404,
17090,
19023,
20263,
20781,
20519,
19391,
17433,
14731,
11386,
7493,
3198,
-1265,
-5619,
-9621,
-13140,
-16149,
-18615,
-20332,
-21114,
-20910,
-19854,
-18095,
-15678,
-12575,
-8824,
-4613,
-203,
4190,
8337,
12056,
15199,
17730,
19620,
20747,
20959,
20194,
18540,
16201,
13262,
9775,
5774,
1458,
-2959,
-7251,
-11218,
-14667,
-17428,
-19402,
-20597,
-21029,
-20597,
-19250,
-17034,
-14176,
-10829,
-7078,
-2920,
1496,
5915,
10031,
13615,
16573,
18795,
20164,
20641,
20294,
19198,
17393,
14861,
11676,
7972,
3899,
-396,
-4731,
-8826,
-12425,
-15420,
-17826,
-19617,
-20613,
-20667,
-19752,
-18028,
-15681,
-12755,
-9230,
-5213,
-955,
3309,
7418,
11214,
14526,
17145,
19000,
20100,
20428,
19922,
18527,
16310,
13418,
10038,
6275,
2206,
-2047,
-6304,
-10306,
-13821,
-16652,
-18737,
-20083,
-20685,
-20445,
-19258,
-17165,
-14355,
-11061,
-7443,
-3524,
673,
4972,
9074,
12677,
15681,
18050,
19710,
20548,
20416,
19323,
17444,
14970,
11983,
8500,
4583,
391,
-3847,
-7915,
-11626,
-14771,
-17207,
-18891,
-19864,
-20112,
-19543,
-18108,
-15845,
-12959,
-9577,
-5796,
-1727,
2473,
6588,
10405,
13756,
16462,
18434,
19651,
20089,
19713,
18455,
16322,
13508,
10242,
6677,
2825,
-1277,
-5462,
-9462,
-13013,
-15923,
-18099,
-19522,
-20185,
-20074,
-19132,
-17317,
-14672,
-11419,
-7804,
-3969,
25,
4110,
8140,
11853,
15026,
17495,
19158,
19979,
19978,
19199,
17641,
15325,
12333,
8808,
4972,
1006,
-2967,
-6853,
-10509,
-13684,
-16201,
-17975,
-19034,
-19407,
-18995,
-17705,
-15579,
-12829,
-9637,
-6143,
-2384,
1556,
5522,
9272,
12597,
15315,
17326,
18599,
19154,
18982,
18023,
16203,
13585,
10398,
6903,
3224,
-606,
-4523,
-8346,
-11833,
-14796,
-17083,
-18607,
-19299,
-19217,
-18407,
-16885,
-14592,
-11575,
-8045,
-4287,
-485,
3318,
7068,
10599,
13711,
16208,
18002,
19034,
19262,
18680,
17304,
15180,
12355,
8965,
5243,
1422,
-2340,
-6016,
-9562,
-12823,
-15516,
-17406,
-18453,
-18788,
-18477,
-17491,
-15694,
-13098,
-9922,
-6458,
-2859,
883,
4708,
8448,
11807,
14575,
16653,
18048,
18706,
18615,
17728,
16074,
13705,
10702,
7283,
3633,
-85,
-3820,
-7488,
-10918,
-13905,
-16285,
-17962,
-18860,
-18948,
-18237,
-16808,
-14681,
-11863,
-8470,
-4734,
-962,
2710,
6287,
9768,
12961,
15566,
17367,
18360,
18657,
18279,
17149,
15209,
12561,
9371,
5805,
2012,
-1853,
-5603,
-9039,
-12070,
-14618,
-16625,
-17935,
-18491,
-18296,
-17366,
-15719,
-13328,
-10310,
-6872,
-3265,
372,
4013,
7593,
10939,
13814,
16028,
17525,
18279,
18265,
17510,
16044,
13925,
11156,
7818,
4131,
378,
-3251,
-6718,
-10043,
-13075,
-15534,
-17250,
-18178,
-18384,
-17909,
-16719,
-14792,
-12169,
-8962,
-5330,
-1547,
2164,
5704,
9013,
12076,
14715,
16712,
17928,
18340,
18006,
16965,
15225,
12825,
9826,
6336,
2581,
-1212,
-4878,
-8313,
-11469,
-14165,
-16159,
-17286,
-17619,
-17355,
-16598,
-15259,
-13187,
-10408,
-7132,
-3642,
-139,
3310,
6676,
9873,
12686,
14915,
16418,
17215,
17355,
16850,
15648,
13736,
11160,
8038,
4546,
930,
-2612,
-5975,
-9115,
-11984,
-14421,
-16244,
-17328,
-17660,
-17269,
-16160,
-14363,
-11962,
-9063,
-5778,
-2216,
1422,
4948,
8214,
11135,
13638,
15598,
16875,
17408,
17239,
16396,
14875,
12688,
9916,
6695,
3174,
-502,
-4148,
-7541,
-10543,
-13125,
-15236,
-16776,
-17549,
-17468,
-16588,
-15094,
-13109,
-10620,
-7611,
-4183,
-610,
2851,
6091,
9118,
11876,
14221,
15920,
16862,
17077,
16606,
15488,
13722,
11353,
8469,
5176,
1634,
-1935,
-5342,
-8451,
-11220,
-13610,
-15476,
-16647,
-17075,
-16776,
-15865,
-14345,
-12199,
-9474,
-6277,
-2807,
792,
4325,
7601,
10480,
12938,
14936,
16358,
17037,
16891,
16037,
14617,
12679,
10187,
7150,
3721,
131,
-3422,
-6789,
-9822,
-12420,
-14487,
-16008,
-16941,
-17157,
-16589,
-15252,
-13278,
-10821,
-7970,
-4772,
-1326,
2161,
5487,
8503,
11199,
13478,
15208,
16224,
16503,
16144,
15212,
13681,
11510,
8762,
5616,
2237,
-1254,
-4703,
-7906,
-10674,
-12962,
-14771,
-16055,
-16686,
-16562,
-15709,
-14228,
-12173,
-9632,
-6666,
-3368,
117,
3609,
6918,
9842,
12285,
14238,
15693,
16530,
16604,
15884,
14509,
12625,
10263,
7430,
4195,
756,
-2704,
-6013,
-9094,
-11788,
-13929,
-15446,
-16336,
-16618,
-16251,
-15152,
-13356,
-11021,
-8303,
-5301,
-2028,
1431,
4818,
7893,
10517,
12707,
14473,
15691,
16220,
15975,
15025,
13514,
11503,
9011,
6071,
2808,
-605,
-3984,
-7135,
-9945,
-12318,
-14200,
-15532,
-16219,
-16170,
-15411,
-14046,
-12183,
-9862,
-7059,
-3882,
-500,
2898,
6145,
9138,
11707,
13695,
15050,
15843,
16068,
15650,
14505,
12700,
10384,
7678,
4652,
1371,
-2010,
-5321,
-8394,
-11100,
-13306,
-14912,
-15888,
-16254,
-15981,
-14993,
-13290,
-11043,
-8436,
-5579,
-2478,
845,
4168,
7190,
9712,
11744,
13383,
14611,
15279,
15231,
14454,
13059,
11187,
8909,
6222,
3211,
27,
-3179,
-6264,
-9058,
-11416,
-13213,
-14451,
-15161,
-15290,
-14769,
-13572,
-11783,
-9561,
-7001,
-4152,
-1050,
2161,
5289,
8193,
10697,
12712,
14166,
15039,
15338,
15017,
14012,
12355,
10171,
7635,
4856,
1892,
-1238,
-4403,
-7393,
-10035,
-12213,
-13847,
-14885,
-15338,
-15193,
-14446,
-13043,
-10994,
-8440,
-5640,
-2741,
251,
3377,
6494,
9323,
11562,
13131,
14156,
14703,
14761,
14206,
12982,
11181,
8966,
6424,
3604,
565,
-2536,
-5508,
-8236,
-10620,
-12569,
-13977,
-14784,
-14981,
-14566,
-13513,
-11841,
-9666,
-7159,
-4460,
-1579,
1461,
4525,
7442,
10021,
12098,
13593,
14475,
14788,
14555,
13751,
12325,
10324,
7869,
5111,
2191,
-767,
-3718,
-6609,
-9348,
-11677,
-13300,
-14233,
-14736,
-14885,
-14364,
-12875,
-10706,
-8465,
-6223,
-3433,
80,
3458,
5791,
7583,
10268,
13841,
15748,
13285,
6975,
740,
-1831,
-875,
699,
728,
-255,
-653,
-122,
370,
172,
-272,
-298,
34,
182,
-14,
-194,
-124,
48,
57,
-69,
-122,
-45,
16,
-9,
-68,
-64,
-26,
-9,
-34,
-52,
-41,
-26,
-27,
-42,
-42,
-36,
-26,
-28,
-26,
-27,
-31,
-33,
-34,
-33,
-28,
-37,
-34,
-36,
-39,
-36,
-31,
-28,
-35,
-36,
-29,
-22,
1,
7,
1,
-6,
-2,
3,
-5,
-2,
-4,
0,
-4,
2,
-1,
-5,
3,
-1,
-1,
-4,
1,
-5,
1,
-4,
2,
-4,
2,
4,
2,
-3,
2,
5,
4,
-7,
-1,
4,
3,
3,
0,
0,
5,
3,
-7,
0,
-1,
0,
-5,
0,
-4,
2,
4,
2,
-1,
0,
1,
-1,
1,
-8,
1,
4,
3,
-2,
2,
2,
-4,
-1,
-5,
0,
-2,
3,
-1,
-1,
-1,
-2,
-7,
-5,
2,
3,
6,
1,
2,
1,
-2,
1,
-3,
0,
-4,
2,
6,
-7,
-6,
-3,
4,
4,
-4,
-4,
-2,
1,
0,
3,
0,
-4,
4,
4,
0,
-9,
1,
-3,
1,
3,
-2,
0,
2,
5,
2,
-2,
-9,
1,
-1,
-1,
3,
3,
8,
3,
-1,
-1,
7,
2,
4,
-1,
-1,
0,
0,
4,
2,
-3,
-6,
5,
4,
1,
-6,
1,
-3,
1,
-1,
3,
3,
-1,
-2,
1,
7,
7,
1,
-4,
-1,
1,
3,
-2,
0,
2,
2,
-4,
6,
4,
-6,
4,
1,
0,
2,
4,
-2,
4,
0,
-4,
3,
1,
-4,
-1,
-4,
-2,
-5,
-6,
6,
4,
-1,
1,
-3,
-4,
0,
-1,
0,
-1,
-2,
7,
8,
-2,
-4,
-4,
2,
3,
0,
-7,
-3,
0,
0,
2,
2,
-3,
-4,
-6,
1,
-4,
2,
1,
0,
-6,
-3,
-7,
-10,
5,
10,
-4,
-5,
3,
-2,
0,
-1,
2,
5,
2,
-3,
-3,
2,
-7,
-5,
-2,
-2,
-1,
-3,
1,
4,
-4,
-1,
4,
1,
6,
0,
0,
-5,
3,
0,
-4,
2,
1,
0,
5,
-1,
-3,
-1,
5,
5,
2,
1,
3,
0,
5,
4,
-1,
0,
6,
2,
0,
1,
-3,
-2,
1,
-3,
-5,
2,
-5,
5,
9,
3,
2,
0,
-5,
0,
-1,
1,
-4,
0,
2,
0,
6,
3,
2,
3,
7,
-2,
-1,
0,
-3,
0,
2,
2,
4,
4,
8,
-3,
1,
-5,
-2,
1,
-4,
-1,
1,
-2,
-1,
2,
-3,
2,
5,
0,
-1,
-1,
0,
-3,
0,
-4,
4,
2,
1,
3,
2,
2,
3,
3,
5,
0,
3,
-2,
0,
4,
-3,
-3,
1,
7,
5,
2,
2,
0,
0,
3,
-2,
9,
1,
5,
7,
4,
1,
-2,
2,
3,
0,
4,
-1,
6,
2,
4,
-7,
-7,
6,
3,
-1,
-4,
0,
1,
1,
0,
-3,
0,
-3,
-3,
1,
-1,
5,
4,
-3,
-1,
3,
-3,
2,
-2,
-6,
1,
4,
8,
4,
1,
-3,
-2,
2,
-1,
-4,
-3,
1,
0,
-5,
0,
-1,
3,
-2,
5,
2,
4,
7,
1,
2,
3,
2,
0,
5,
1,
-4,
3,
0,
2,
0,
-3,
-1,
-1,
-3,
-4,
0,
-2,
2,
7,
0,
3,
0,
-1,
2,
-2,
-3,
-2,
-1,
0,
1,
-1,
1,
5,
1,
1,
2,
8,
-2,
2,
0,
-1,
-1,
2,
-2,
8,
1,
4,
2,
5,
0,
0,
5,
1,
6,
-2,
-1,
3,
2,
4,
-5,
-3,
3,
3,
4,
2,
2,
0,
5,
5,
-5,
0,
3,
-2,
1,
-4,
4,
5,
1,
3,
-2,
-2,
-2,
2,
1,
3,
1,
-1,
1,
4,
-3,
-3,
-4,
-1,
-4,
-2,
4,
-7,
-7,
5,
6,
6,
-3,
1,
6,
0,
2,
-2,
6,
5,
3,
-5,
1,
2,
-3,
9,
6,
0,
-2,
5,
5,
-1,
-4,
-9,
-2,
5,
3,
-2,
-5,
0,
0,
4,
-1,
-3,
-1,
0,
-2,
0,
3,
1,
3,
5,
2,
-1,
3,
1,
1,
0,
6,
1,
-1,
-6,
-4,
0,
0,
4,
6,
5,
7,
-4,
-8,
0,
1,
6,
-1,
-5,
-7,
1,
0,
7,
-1,
0,
4,
-3,
0,
0,
5,
-1,
-4,
1,
-1,
-2,
-6,
-2,
3,
0,
-3,
-2,
6,
3,
-1,
1,
-4,
3,
2,
0,
1,
2,
1,
-4,
-4,
1,
-1,
-2,
-5,
-4,
4,
3,
0,
-2,
-1,
4,
-1,
-2,
-2,
0,
-9,
2,
-1,
-2,
1,
0,
1,
0,
2,
0,
0,
6,
6,
-6,
4,
-6,
-1,
2,
1,
6,
2,
-6,
-1,
4,
11,
0,
0,
6,
2,
-2,
-4,
2,
-3,
-4,
-2,
1,
-1,
10,
-1,
-3,
-7,
0,
0,
2,
1,
3,
1,
1,
0,
0,
0,
-2,
-3,
1,
0,
-1,
-2,
-2,
-3,
1,
-2,
0,
-2,
-5,
-1,
-1,
2,
-4,
5,
-3,
4,
5,
-1,
0,
-1,
-1,
2,
2,
-4,
1,
0,
-1,
-2,
6,
1,
1,
3,
-1,
1,
-1,
6,
1,
1,
1,
-1,
-6,
-1,
4,
0,
-4,
-3,
1,
6,
5,
1,
-3,
-6,
-1,
-1,
-4,
-9,
-2,
2,
3,
1,
-7,
1,
-2,
-2,
6,
1,
1,
6,
-2,
1,
1,
-4,
-1,
-2,
-1,
-2,
-1,
4,
-2,
-3,
-3,
10,
7,
-1,
-3,
2,
-3,
-2,
5,
-3,
-7,
-2,
-1,
-1,
-5,
0,
-3,
-1,
6,
0,
-3,
2,
5,
-1,
3,
6,
2,
5,
2,
-1,
4,
5,
-1,
0,
-3,
-3,
4,
-2,
2,
-6,
-1,
1,
-1,
2,
-1,
0,
-3,
-3,
4,
-6,
-8,
-6,
-4,