0,
-1,
-1,
-1,
0,
-1,
-1,
0,
-1,
0,
1,
0,
-1,
-1,
-2,
-2,
-1,
0,
0,
-1,
-1,
0,
-2,
-1,
0,
0,
0,
0,
0,
0,
0,
1,
0,
-1,
-1,
-2,
-1,
-1,
1,
-1,
1,
1,
0,
0,
-1,
-1,
0,
1,
0,
-1,
0,
0,
-1,
0,
0,
1,
0,
0,
-1,
0,
-1,
-1,
0,
0,
-2,
-1,
-2,
0,
-1,
-1,
0,
2,
1,
0,
-1,
-1,
0,
1,
0,
0,
0,
0,
1,
1,
0,
0,
0,
0,
0,
0,
-1,
0,
0,
1,
0,
0,
0,
0,
0,
0,
0,
0,
0,
0,
-1,
0,
0,
0,
0,
0,
0,
0,
-1,
0,
-1,
0,
0,
0,
0,
0,
1,
1,
-1,
-1,
0,
0,
0,
0,
0,
-1,
0,
0,
0,
0,
0,
0,
0,
1,
0,
0,
0,
-1,
0,
1,
0,
0,
0,
0,
0,
0,
0,
1,
-1,
0,
0,
1,
0,
0,
0,
0,
0,
0,
-1,
-1,
0,
0,
-1,
-2,
-2,
0,
-1,
-1,
-2,
-2,
-2,
-2,
-1,
0,
0,
0,
0,
-1,
0,
-1,
-1,
-2,
-2,
-1,
-1,
-1,
-2,
-2,
-2,
-2,
-1,
-3,
-2,
-2,
-2,
-1,
-1,
0,
-1,
0,
0,
-1,
-2,
-2,
-1,
0,
0,
-1,
-1,
-1,
-1,
-1,
-1,
-1,
-1,
-1,
-2,
-1,
-2,
-1,
-1,
-1,
-3,
-3,
-1,
-1,
0,
0,
-2,
-1,
-1,
-2,
-3,
-2,
-2,
-2,
-2,
-2,
-2,
-2,
-2,
-2,
-2,
-1,
-2,
-1,
-1,
-2,
-1,
-1,
-1,
-1,
-2,
-1,
-1,
1,
0,
0,
-1,
-2,
-2,
-2,
-2,
-2,
-1,
-2,
-1,
0,
1,
-2,
-2,
-2,
-1,
0,
-1,
-1,
-1,
1,
1,
-1,
-1,
0,
-1,
-1,
0,
0,
0,
1,
1,
0,
0,
0,
0,
-1,
0,
-1,
0,
1,
0,
0,
1,
1,
0,
0,
-1,
1,
0,
1,
0,
1,
1,
0,
0,
0,
0,
0,
1,
0,
0,
0,
-1,
0,
0,
0,
-1,
-1,
0,
1,
0,
0,
0,
1,
1,
0,
1,
0,
0,
0,
1,
1,
1,
1,
0,
-1,
-1,
-1,
1,
1,
1,
0,
0,
1,
0,
0,
0,
1,
0,
0,
0,
0,
0,
0,
0,
1,
0,
0,
1,
0,
0,
0,
0,
0,
0,
0,
-1,
0,
-1,
1,
2,
1,
1,
0,
1,
1,
0,
0,
0,
0,
1,
1,
2,
0,
0,
0,
1,
1,
2,
1,
0,
1,
1,
2,
1,
0,
1,
2,
0,
2,
2,
1,
2,
2,
1,
0,
0,
0,
0,
0,
0,
1,
0,
0,
0,
0,
1,
1,
1,
1,
0,
-1,
0,
0,
0,
-1,
0,
1,
1,
1,
2,
1,
0,
-2,
-1,
1,
2,
0,
0,
0,
0,
-1,
-1,
0,
2,
0,
0,
0,
1,
0,
0,
0,
0,
1,
0,
1,
1,
0,
-1,
1,
1,
0,
0,
0,
0,
0,
0,
1,
0,
0,
1,
0,
1,
0,
0,
0,
1,
0,
-1,
-1,
-1,
0,
0,
1,
-1,
0,
0,
1,
2,
0,
-1,
-1,
-2,
-2,
-1,
-1,
0,
1,
-1,
-1,
-1,
0,
0,
0,
0,
-1,
-1,
0,
0,
1,
0,
1,
0,
1,
0,
-1,
0,
0,
0,
-1,
0,
-1,
0,
-1,
0,
0,
1,
-1,
-2,
-1,
0,
-1,
0,
1,
0,
-1,
0,
-1,
0,
1,
0,
-1,
-1,
0,
0,
-1,
0,
-1,
0,
-2,
-2,
-1,
-1,
-2,
-1,
-1,
0,
-1,
-1,
0,
-1,
0,
-1,
-1,
-2,
-2,
-2,
-1,
0,
-1,
-1,
-1,
-1,
-1,
0,
1,
0,
-1,
-1,
-1,
0,
0,
0,
0,
0,
0,
0,
-2,
-2,
-1,
-2,
-2,
-1,
-1,
-1,
0,
-1,
0,
-1,
0,
-1,
-1,
0,
1,
1,
0,
-1,
0,
0,
-1,
0,
0,
0,
-1,
2,
1,
0,
-1,
0,
1,
0,
0,
-1,
-1,
-1,
-1,
-2,
-1,
-1,
-2,
-2,
0,
-1,
0,
0,
-1,
-1,
-1,
0,
0,
1,
0,
0,
0,
1,
0,
-1,
0,
0,
0,
0,
-1,
0,
0,
0,
0,
0,
0,
-1,
0,
0,
1,
0,
1,
0,
0,
0,
1,
0,
0,
-1,
0,
1,
0,
-1,
0,
1,
-1,
0,
0,
0,
1,
-1,
0,
1,
1,
1,
-1,
1,
1,
0,
0,
-1,
0,
0,
1,
-1,
0,
-1,
-1,
-1,
0,
1,
0,
1,
0,
-1,
0,
0,
0,
0,
1,
0,
1,
1,
1,
1,
0,
1,
1,
0,
-1,
0,
0,
1,
0,
1,
1,
1,
0,
0,
-1,
0,
-1,
0,
0,
1,
1,
0,
0,
-1,
0,
1,
0,
1,
0,
1,
0,
0,
0,
1,
0,
0,
-1,
-1,
0,
0,
0,
0,
1,
0,
0,
0,
0,
-1,
-1,
0,
-1,
0,
-1,
0,
0,
0,
-1,
-1,
0,
0,
1,
0,
-1,
-1,
-1,
0,
0,
0,
0,
0,
0,
-1,
-1,
-1,
0,
0,
-1,
0,
0,
0,
-1,
-1,
0,
0,
-1,
-1,
0,
0,
0,
-1,
0,
1,
1,
-1,
-2,
-1,
-1,
-1,
-2,
-2,
-1,
-1,
-1,
0,
0,
-1,
0,
-1,
-1,
-1,
-2,
-3,
-1,
-1,
0,
0,
0,
-1,
0,
0,
1,
1,
-1,
-1,
-1,
-1,
0,
0,
0,
-1,
-3,
-1,
-1,
1,
0,
-1,
-1,
0,
-1,
-1,
-1,
-1,
-2,
-3,
-3,
-3,
-3,
-2,
-1,
-1,
-2,
-1,
0,
0,
-1,
-2,
-3,
-4,
-3,
-4,
-2,
-2,
-3,
-2,
-1,
-1,
-1,
-2,
-2,
-2,
-1,
-1,
-1,
-1,
-2,
-3,
-3,
-3,
-2,
-2,
-2,
-2,
-2,
-3,
-2,
-2,
-1,
-2,
-1,
-1,
-1,
-2,
-3,
-2,
-1,
-1,
-2,
-2,
-4,
-3,
-2,
-2,
-1,
0,
0,
-1,
-1,
-2,
-1,
-1,
-1,
0,
-1,
-1,
-1,
-1,
-1,
-1,
-1,
-1,
-1,
-1,
0,
-2,
-2,
-2,
-1,
-1,
0,
0,
0,
-1,
0,
0,
1,
0,
0,
1,
-1,
-2,
-1,
-1,
-1,
-1,
-1,
1,
0,
-1,
0,
-1,
0,
0,
-1,
0,
0,
0,
-1,
0,
0,
1,
0,
0,
1,
1,
2,
0,
0,
0,
2,
0,
0,
0,
0,
0,
-1,
0,
0,
1,
0,
0,
1,
2,
1,
1,
1,
2,
2,
2,
3,
2,
2,
1,
0,
2,
2,
1,
1,
1,
1,
2,
2,
2,
2,
2,
0,
0,
1,
-1,
0,
0,
1,
0,
-1,
0,
-1,
-1,
0,
0,
0,
1,
0,
0,
-1,
-1,
0,
-1,
0,
-2,
0,
0,
-1,
0,
0,
0,
0,
0,
0,
0,
-1,
0,
0,
0,
0,
-1,
0,
0,
1,
0,
0,
0,
0,
1,
1,
1,
0,
0,
0,
-1,
-1,
0,
1,
1,
0,
0,
-1,
-1,
0,
-2,
-1,
-1,
0,
1,
0,
1,
1,
0,
1,
0,
0,
0,
1,
0,
0,
0,
1,
-1,
-1,
-1,
-1,
0,
1,
1,
0,
0,
-1,
0,
0,
1,
0,
0,
0,
-1,
-1,
0,
-1,
0,
0,
0,
0,
0,
0,
0,
1,
0,
0,
0,
0,
-1,
0,
0,
1,
1,
0,
1,
0,
0,
-1,
0,
-1,
0,
-1,
0,
0,
1,
1,
0,
0,
-1,
0,
0,
0,
0,
0,
-1,
-1,
0,
0,
0,
0,
-1,
-1,
0,
0,
0,
1,
0,
0,
-2,
-2,
-1,
0,
-1,
-1,
-3,
-2,
0,
0,
-1,
-2,
-3,
-2,
-1,
0,
0,
-2,
-1,
0,
0,
-1,
-1,
-1,
-1,
-2,
-2,
-1,
-2,
-2,
-1,
-1,
0,
0,
0,
-1,
-2,
-1,
-1,
0,
0,
1,
0,
-1,
-3,
-3,
0,
-1,
-1,
-3,
-2,
-1,
0,
-1,
0,
-2,
-2,
-1,
-1,
-2,
-2,
-1,
-1,
-2,
-2,
-1,
0,
-1,
-1,
-1,
-1,
-1,
-1,
-1,
0,
0,
-1,
-2,
-1,
-1,
0,
0,
0,
0,
-1,
-2,
-2,
-1,
0,
-1,
-1,
-1,
-1,
-2,
-1,
0,
-1,
-1,
-2,
-1,
-1,
-2,
-2,
-2,
-2,
-2,
-2,
-1,
-1,
-1,
-1,
-2,
-1,
-3,
-3,
-4,
-2,
-1,
-2,
-1,
-1,
0,
0,
-1,
-1,
0,
0,
0,
1,
1,
0,
-1,
0,
0,
0,
1,
0,
0,
0,
0,
-1,
-1,
-2,
-1,
0,
0,
-1,
-1,
0,
0,
1,
0,
0,
-1,
-1,
-1,
-1,
-1,
-1,
-1,
-1,
-1,
-1,
-1,
0,
1,
1,
0,
0,
-1,
-1,
-1,
-1,
-1,
-1,
-1,
0,
0,
0,
0,
0,
0,
0,
-1,
-1,
1,
0,
0,
-1,
0,
1,
0,
-1,
-1,
0,
0,
0,
0,
1,
1,
0,
0,
0,
-1,
1,
0,
0,
1,
1,
0,
0,
1,
0,
0,
0,
1,
0,
-1,
-1,
0,
-1,
1,
1,
0,
1,
0,
0,
0,
0,
1,
-1,
0,
0,
0,
0,
-2,
-1,
-1,
-1,
1,
0,
1,
1,
0,
-1,
0,
1,
0,
-1,
-1,
-1,
1,
1,
-1,
-1,
-1,
0,
0,
0,
0,
1,
1,
1,
0,
-1,
-1,
-1,
0,
-1,
-1,
-1,
0,
1,
0,
0,
0,
0,
1,
0,
-1,
0,
-1,
0,
0,
0,
1,
0,
-1,
0,
1,
0,
0,
0,
0,
0,
0,
0,
0,
1,
1,
1,
0,
-1,
0,
1,
-1,
0,
0,
0,
1,
0,
-1,
-1,
-2,
-2,
-3,
-2,
-1,
0,
0,
-1,
-1,
-2,
-1,
0,
-1,
-1,
-2,
-2,
0,
-2,
-2,
-2,
-2,
-2,
-3,
-4,
-4,
-3,
-3,
-3,
-2,
-2,
-3,
-3,
-1,
-2,
-2,
-3,
-2,
-2,
-1,
-1,
-1,
-1,
-1,
-3,
-2,
-2,
-1,
-1,
0,
0,
0,
0,
-1,
-2,
-1,
-1,
-1,
-1,
-2,
-2,
-1,
0,
-2,
-2,
-2,
-2,
-1,
-3,
-2,
-1,
-1,
-1,
-2,
0,
-1,
-1,
-2,
-1,
0,
-1,
0,
0,
0,
-1,
-1,
0,
-1,
-1,
-1,
0,
0,
-1,
-1,
-1,
-2,
-1,
-2,
-1,
0,
-1,
-1,
0,
1,
0,
-2,
-2,
-2,
-1,
-1,
0,
0,
0,
-1,
-1,
-1,
-1,
-1,
0,
0,
0,
0,
-1,
0,
0,
0,
0,
0,
0,
0,
0,
1,
1,
0,
0,
2,
1,
0,
-2,
-1,
-2,
-1,
-1,
-1,
0,
0,
0,
-1,
0,
0,
1,
0,
0,
0,
0,
-1,
0,
1,
0,
-1,
0,
1,
2,
2,
2,
1,
1,
1,
0,
0,
0,
0,
1,
0,
0,
0,
0,
0,
-1,
0,
-1,
1,
0,
-1,
-1,
1,
0,
-1,
-2,
1,
2,
-2,
-5,
1,
9,
6,
-6,
-11,
3,
15,
2,
-21,
-15,
19,
29,
-12,
-48,
-5,
70,
46,
-100,
-146,
237,
1153,
2357,
3478,
4344,
5050,
5727,
6345,
6766,
6940,
6943,
6862,
6670,
6283,
5687,
4960,
4165,
3291,
2296,
1206,
107,
-939,
-1953,
-2980,
-3998,
-4913,
-5643,
-6190,
-6614,
-6937,
-7117,
-7103,
-6891,
-6519,
-6015,
-5378,
-4607,
-3732,
-2786,
-1777,
-706,
406,
1500,
2531,
3491,
4394,
5219,
5907,
6413,
6749,
6948,
7020,
6927,
6638,
6170,
5569,
4859,
4030,
3088,
2062,
1004,
-66,
-1145,
-2212,
-3214,
-4102,
-4881,
-5578,
-6191,
-6660,
-6922,
-6979,
-6886,
-6683,
-6350,
-5842,
-5158,
-4351,
-3469,
-2529,
-1525,
-467,
600,
1644,
2648,
3610,
4497,
5264,
5873,
6328,
6649,
6838,
6878,
6743,
6436,
5972,
5365,
4621,
3759,
2817,
1826,
798,
-262,
-1331,
-2361,
-3322,
-4211,
-5024,
-5728,
-6270,
-6632,
-6846,
-6949,
-6923,
-6709,
-6281,
-5682,
-4981,
-4209,
-3333,
-2342,
-1282,
-218,
820,
1845,
2858,
3814,
4655,
5363,
5957,
6434,
6759,
6901,
6877,
6718,
6416,
5932,
5258,
4447,
3573,
2658,
1674,
608,
-490,
-1558,
-2567,
-3525,
-4422,
-5211,
-5852,
-6345,
-6712,
-6942,
-7005,
-6886,
-6611,
-6206,
-5658,
-4944,
-4095,
-3175,
-2224,
-1216,
-120,
1022,
2115,
3090,
3963,
4776,
5515,
6110,
6516,
6752,
6862,
6838,
6647,
6274,
5758,
5132,
4385,
3498,
2506,
1484,
474,
-553,
-1630,
-2723,
-3732,
-4593,
-5319,
-5941,
-6436,
-6743,
-6850,
-6818,
-6702,
-6472,
-6054,
-5429,
-4669,
-3846,
-2969,
-2001,
-947,
120,
1135,
2107,
3080,
4039,
4898,
5571,
6056,
6412,
6668,
6786,
6719,
6472,
6088,
5583,
4941,
4151,
3253,
2299,
1313,
282,
-785,
-1837,
-2821,
-3726,
-4565,
-5322,
-5946,
-6396,
-6685,
-6847,
-6879,
-6739,
-6396,
-5878,
-5247,
-4536,
-3727,
-2805,
-1795,
-752,
295,
1340,
2367,
3328,
4181,
4923,
5579,
6140,
6553,
6770,
6796,
6675,
6434,
6047,
5486,
4769,
3953,
3070,
2116,
1090,
21,
-1031,
-2036,
-2995,
-3913,
-4751,
-5458,
-6009,
-6424,
-6717,
-6864,
-6830,
-6611,
-6243,
-5759,
-5151,
-4396,
-3512,
-2555,
-1571,
-562,
484,
1540,
2547,
3465,
4306,
5084,
5761,
6268,
6574,
6719,
6745,
6647,
6384,
5949,
5384,
4716,
3921,
2974,
1915,
839,
-188,
-1182,
-2186,
-3182,
-4098,
-4881,
-5538,
-6088,
-6512,
-6764,
-6838,
-6776,
-6596,
-6261,
-5722,
-5007,
-4204,
-3369,
-2476,
-1470,
-369,
728,
1740,
2671,
3567,
4423,
5173,
5761,
6194,
6503,
6683,
6693,
6517,
6196,
5766,
5213,
4501,
3649,
2727,
1782,
796,
-270,
-1384,
-2439,
-3360,
-4161,
-4900,
-5579,
-6138,
-6514,
-6712,
-6766,
-6685,
-6443,
-6034,
-5491,
-4840,
-4077,
-3194,
-2225,
-1227,
-225,
790,
1820,
2813,
3706,
4486,
5184,
5804,
6289,
6576,
6658,
6595,
6426,
6134,
5673,
5045,
4289,
3453,
2548,
1575,
549,
-485,
-1495,
-2467,
-3398,
-4264,
-5028,
-5666,
-6167,
-6521,
-6714,
-6735,
-6599,
-6329,
-5937,
-5403,
-4718,
-3896,
-2985,
-2023,
-1027,
1,
1032,
2028,
2964,
3836,
4642,
5351,
5912,
6302,
6537,
6644,
6619,
6436,
6074,
5554,
4911,
4165,
3318,
2378,
1376,
354,
-667,
-1682,
-2676,
-3608,
-4438,
-5154,
-5765,
-6261,
-6603,
-6759,
-6743,
-6591,
-6320,
-5903,
-5309,
-4562,
-3721,
-2824,
-1870,
-847,
214,
1253,
2238,
3161,
4021,
4796,
5451,
5975,
6374,
6635,
6722,
6613,
6347,
5975,
5501,
4875,
4065,
3119,
2134,
1163,
178,
-852,
-1899,
-2881,
-3758,
-4546,
-5266,
-5877,
-6316,
-6572,
-6693,
-6713,
-6592,
-6276,
-5776,
-5157,
-4463,
-3661,
-2713,
-1657,
-590,
422,
1401,
2377,
3333,
4203,
4950,
5579,
6096,
6464,
6644,
6646,
6521,
6290,
5917,
5363,
4657,
3868,
3025,
2097,
1050,
-63,
-1132,
-2092,
-2970,
-3821,
-4636,
-5341,
-5874,
-6247,
-6498,
-6630,
-6609,
-6415,
-6063,
-5580,
-4964,
-4220,
-3377,
-2472,
-1522,
-520,
516,
1531,
2481,
3364,
4202,
4982,
5638,
6113,
6408,
6557,
6575,
6445,
6150,
5708,
5147,
4475,
3681,
2776,
1806,
821,
-171,
-1181,
-2190,
-3140,
-3978,
-4704,
-5352,
-5926,
-6366,
-6614,
-6660,
-6550,
-6325,
-5977,
-5480,
-4826,
-4054,
-3201,
-2287,
-1316,
-304,
715,
1709,
2656,
3550,
4367,
5074,
5644,
6076,
6378,
6548,
6563,
6405,
6083,
5626,
5045,
4337,
3506,
2587,
1625,
643,
-360,
-1377,
-2368,
-3285,
-4116,
-4870,
-5532,
-6048,
-6381,
-6550,
-6601,
-6537,
-6315,
-5900,
-5321,
-4643,
-3896,
-3054,
-2100,
-1076,
-58,
922,
1878,
2824,
3726,
4527,
5195,
5743,
6172,
6461,
6579,
6534,
6354,
6046,
5580,
4937,
4155,
3305,
2418,
1477,
465,
-580,
-1586,
-2526,
-3419,
-4272,
-5032,
-5629,
-6051,
-6342,
-6526,
-6570,
-6428,
-6117,
-5697,
-5189,
-4549,
-3738,
-2797,
-1823,
-869,
93,
1092,
2094,
3023,
3840,
4563,
5213,
5760,
6156,
6382,
6461,
6406,
6204,
5844,
5342,
4725,
3996,
3155,
2230,
1279,
333,
-634,
-1643,
-2656,
-3583,
-4367,
-5022,
-5585,
-6046,
-6357,
-6491,
-6479,
-6351,
-6093,
-5667,
-5074,
-4357,
-3565,
-2705,
-1763,
-761,
245,
1214,
2148,
3074,
3968,
4766,
5403,
5867,
6191,
6393,
6461,
6370,
6120,
5736,
5228,
4593,
3837,
2981,
2062,
1106,
117,
-885,
-1867,
-2790,
-3644,
-4434,
-5146,
-5732,
-6145,
-6389,
-6500,
-6492,
-6336,
-6004,
-5507,
-4897,
-4207,
-3428,
-2542,
-1570,
-566,
423,
1390,
2344,
3264,
4101,
4816,
5400,
5876,
6238,
6452,
6486,
6351,
6074,
5674,
5137,
4459,
3668,
2803,
1888,
920,
-86,
-1096,
-2061,
-2964,
-3808,
-4589,
-5264,
-5796,
-6175,
-6419,
-6531,
-6490,
-6269,
-5877,
-5352,
-4719,
-3986,
-3156,
-2262,
-1338,
-395,
577,
1565,
2517,
3383,
4151,
4833,
5419,
5866,
6147,
6284,
6318,
6238,
5988,
5538,
4927,
4226,
3461,
2613,
1676,
694,
-280,
-1233,
-2176,
-3092,
-3930,
-4655,
-5270,
-5778,
-6151,
-6352,
-6389,
-6300,
-6107,
-5774,
-5264,
-4605,
-3864,
-3077,
-2211,
-1232,
-181,
846,
1787,
2663,
3512,
4319,
5009,
5537,
5920,
6199,
6368,
6377,
6198,
5857,
5398,
4835,
4152,
3356,
2487,
1581,
631,
-374,
-1404,
-2391,
-3278,
-4062,
-4763,
-5374,
-5855,
-6179,
-6363,
-6422,
-6346,
-6104,
-5687,
-5139,
-4496,
-3761,
-2917,
-1981,
-1010,
-51,
903,
1873,
2838,
3725,
4477,
5095,
5613,
6026,
6288,
6367,
6288,
6094,
5788,
5336,
4720,
3978,
3163,
2301,
1382,
412,
-575,
-1539,
-2462,
-3347,
-4169,
-4882,
-5452,
-5875,
-6176,
-6358,
-6401,
-6284,
-6009,
-5588,
-5036,
-4358,
-3570,
-2706,
-1794,
-848,
126,
1108,
2062,
2953,
3775,
4523,
5173,
5686,
6035,
6236,
6315,
6274,
6082,
5715,
5193,
4561,
3846,
3039,
2135,
1166,
186,
-776,
-1720,
-2648,
-3531,
-4318,
-4978,
-5521,
-5958,
-6273,
-6431,
-6413,
-6234,
-5916,
-5468,
-4888,
-4191,
-3408,
-2557,
-1642,
-666,
335,
1320,
2257,
3141,
3967,
4700,
5301,
5763,
6099,
6317,
6391,
6294,
6037,
5658,
5169,
4543,
3765,
2867,
1921,
972,
16,
-952,
-1909,
-2809,
-3624,
-4357,
-5015,
-5559,
-5947,
-6173,
-6266,
-6246,
-6091,
-5770,
-5299,
-4721,
-4059,
-3291,
-2396,
-1415,
-426,
521,
1437,
2353,
3248,
4059,
4740,
5290,
5728,
6038,
6199,
6216,
6116,
5898,
5525,
4969,
4267,
3499,
2702,
1841,
878,
-157,
-1165,
-2083,
-2925,
-3735,
-4501,
-5148,
-5624,
-5950,
-6171,
-6288,
-6249,
-6033,
-5670,
-5209,
-4636,
-3926,
-3091,
-2203,
-1309,
-390,
595,
1622,
2595,
3442,
4167,
4816,
5389,
5834,
6113,
6242,
6251,
6129,
5841,
5380,
4796,
4136,
3400,
2564,
1641,
678,
-288,
-1246,
-2187,
-3074,
-3867,
-4557,
-5161,
-5680,
-6068,
-6277,
-6308,
-6202,
-5987,
-5639,
-5131,
-4478,
-3731,
-2923,
-2049,
-1107,
-126,
843,
1767,
2654,
3500,
4273,
4926,
5441,
5831,
6107,
6247,
6222,
6028,
5700,
5262,
4707,
4021,
3214,
2336,
1429,
499,
-460,
-1425,
-2352,
-3208,
-3993,
-4704,
-5305,
-5740,
-5995,
-6108,
-6134,
-6072,
-5863,
-5469,
-4909,
-4245,
-3516,
-2715,
-1829,
-888,
58,
979,
1882,
2766,
3597,
4324,
4926,
5415,
5798,
6048,
6134,
6070,
5891,
5605,
5171,
4561,
3805,
2981,
2137,
1260,
323,
-652,
-1599,
-2481,
-3302,
-4075,
-4767,
-5329,
-5737,
-6015,
-6179,
-6204,
-6061,
-5763,
-5356,
-4861,
-4243,
-3466,
-2568,
-1630,
-708,
215,
1165,
2112,
2986,
3745,
4416,
5027,
5550,
5921,
6107,
6148,
6079,
5882,
5520,
5005,
4395,
3723,
2954,
2053,
1054,
57,
-876,
-1761,
-2637,
-3489,
-4249,
-4875,
-5377,
-5779,
-6060,
-6180,
-6136,
-5965,
-5689,
-5285,
-4726,
-4030,
-3256,
-2432,
-1550,
-607,
354,
1279,
2156,
3012,
3846,
4601,
5206,
5636,
5920,
6086,
6125,
6021,
5777,
5412,
4929,
4313,
3565,
2728,
1845,
934,
-4,
-955,
-1876,
-2732,
-3527,
-4276,
-4951,
-5492,
-5859,
-6069,
-6159,
-6133,
-5952,
-5595,
-5090,
-4496,
-3835,
-3089,
-2246,
-1336,
-409,
507,
1418,
2315,
3164,
3921,
4570,
5120,
5570,
5890,
6048,
6038,
5889,
5628,
5250,
4738,
4095,
3351,
2538,
1672,
755,
-194,
-1135,
-2029,
-2865,
-3639,
-4340,
-4941,
-5423,
-5782,
-6014,
-6107,
-6035,
-5801,
-5435,
-4965,
-4395,
-3705,
-2904,
-2035,
-1146,
-245,
677,
1610,
2503,
3309,
4024,
4665,
5220,
5634,
5880,
5982,
5989,
5897,
5647,
5202,
4598,
3907,
3168,
2367,
1487,
555,
-378,
-1283,
-2159,
-3007,
-3794,
-4485,
-5061,
-5521,
-5854,
-6035,
-6055,
-5938,
-5719,
-5397,
-4930,
-4302,
-3541,
-2715,
-1857,
-967,
-36,
900,
1795,
2632,
3426,
4169,
4814,
5315,
5666,
5900,
6026,
6017,
5848,
5529,
5090,
4537,
3863,
3083,
2245,
1386,
494,
-457,
-1441,
-2381,
-3213,
-3936,
-4586,
-5162,
-5622,
-5923,
-6063,
-6070,
-5956,
-5704,
-5308,
-4790,
-4174,
-3460,
-2642,
-1750,
-835,
70,
977,
1901,
2810,
3631,
4317,
4881,
5364,
5757,
6004,
6067,
5968,
5756,
5446,
5006,
4413,
3700,
2919,
2091,
1209,
276,
-667,
-1571,
-2426,
-3249,
-4035,
-4732,
-5275,
-5647,
-5885,
-6025,
-6054,
-5932,
-5646,
-5220,
-4689,
-4052,
-3304,
-2462,
-1575,
-674,
239,
1166,
2079,
2930,
3696,
4386,
4992,
5477,
5800,
5960,
5992,
5918,
5716,
5360,
4859,
4252,
3566,
2791,
1920,
988,
56,
-837,
-1700,
-2547,
-3362,
-4090,
-4699,
-5192,
-5579,
-5848,
-5970,
-5936,
-5763,
-5469,
-5048,
-4493,
-3820,
-3068,
-2265,
-1410,
-503,
427,
1335,
2192,
3002,
3762,
4439,
4991,
5406,
5710,
5912,
5980,
5869,
5580,
5166,
4667,
4077,
3367,
2551,
1681,
800,
-92,
-1004,
-1915,
-2768,
-3526,
-4192,
-4788,
-5294,
-5667,
-5880,
-5954,
-5909,
-5738,
-5419,
-4956,
-4386,
-3736,
-2994,
-2149,
-1227,
-293,
610,
1484,
2344,
3170,
3909,
4535,
5051,
5464,
5755,
5898,
5894,
5772,
5538,
5168,
4639,
3977,
3242,
2465,
1632,
717,
-254,
-1208,
-2087,
-2888,
-3643,
-4348,
-4954,
-5407,
-5707,
-5883,
-5949,
-5883,
-5666,
-5308,
-4843,
-4275,
-3597,
-2812,
-1963,
-1094,
-207,
710,
1645,
2537,
3336,
4031,
4641,
5163,
5562,
5807,
5909,
5897,
5763,
5476,
5028,
4464,
3834,
3136,
2335,
1435,
505,
-387,
-1250,
-2132,
-3025,
-3840,
-4481,
-4949,
-5320,
-5639,
-5860,
-5907,
-5769,
-5502,
-5147,
-4687,
-4090,
-3374,
-2592,
-1775,
-916,
-13,
899,
1772,
2584,
3344,
4048,
4659,
5141,
5490,
5719,
5824,
5786,
5597,
5270,
4837,
4298,
3643,
2883,
2060,
1216,
361,
-523,
-1426,
-2302,
-3099,
-3802,
-4425,
-4965,
-5386,
-5657,
-5786,
-5804,
-5715,
-5489,
-5102,
-4572,
-3942,
-3241,
-2464,
-1615,
-722,
171,
1048,
1907,
2740,
3514,
4192,
4757,
5213,
5555,
5764,
5820,
5731,
5516,
5187,
4742,
4172,
3493,
2731,
1915,
1055,
162,
-740,
-1615,
-2444,
-3225,
-3948,
-4578,
-5080,
-5443,
-5695,
-5846,
-5869,
-5722,
-5409,
-4982,
-4478,
-3884,
-3163,
-2324,
-1430,
-541,
329,
1203,
2079,
2910,
3652,
4294,
4839,
5286,
5603,
5780,
5829,
5758,
5554,
5191,
4685,
4085,
3426,
2686,
1835,
898,
-47,
-939,
-1775,
-2591,
-3382,
-4093,
-4679,
-5145,
-5518,
-5775,
-5870,
-5780,
-5550,
-5235,
-4833,
-4306,
-3642,
-2900,
-2131,
-1333,
-468,
464,
1392,
2239,
2992,
3681,
4318,
4857,
5247,
5498,
5643,
5691,
5610,
5374,
4994,
4497,
3899,
3202,
2426,
1606,
763,
-103,
-987,
-1853,
-2652,
-3376,
-4049,
-4669,
-5177,
-5512,
-5670,
-5704,
-5652,
-5495,
-5187,
-4725,
-4153,
-3513,
-2799,
-1997,
-1127,
-244,
620,
1464,
2295,
3091,
3803,
4400,
4891,
5287,
5577,
5727,
5718,
5563,
5284,
4887,
4375,
3756,
3057,
2295,
1478,
607,
-291,
-1178,
-2023,
-2816,
-3555,
-4217,
-4766,
-5187,
-5487,
-5682,
-5763,
-5699,
-5474,
-5107,
-4631,
-4064,
-3402,
-2642,
-1815,
-955,
-87,
786,
1654,
2484,
3242,
3914,
4507,
5007,
5379,
5599,
5678,
5651,
5524,
5264,
4839,
4268,
3603,
2887,
2121,
1294,
419,
-459,
-1317,
-2150,
-2953,
-3696,
-4334,
-4846,
-5240,
-5525,
-5689,
-5717,
-5620,
-5413,
-5087,
-4612,
-3979,
-3232,
-2440,
-1639,
-807,
69,
961,
1819,
2610,
3346,
4033,
4629,
5085,
5390,
5586,
5692,
5676,
5495,
5158,
4722,
4218,
3608,
2850,
1975,
1073,
210,
-627,
-1476,
-2330,
-3125,
-3819,
-4413,
-4923,
-5330,
-5602,
-5730,
-5738,
-5631,
-5377,
-4966,
-4435,
-3833,
-3170,
-2418,
-1571,
-680,
193,
1044,
1904,
2764,
3557,
4211,
4723,
5135,
5468,
5682,
5738,
5643,
5434,
5121,
4677,
4092,
3405,
2664,
1876,
1026,
131,
-755,
-1583,
-2359,
-3115,
-3843,
-4479,
-4960,
-5284,
-5492,
-5605,
-5600,
-5448,
-5156,
-4758,
-4265,
-3663,
-2950,
-2161,
-1347,
-520,
332,
1199,
2038,
2806,
3500,
4137,
4704,
5145,
5418,
5537,
5558,
5497,
5317,
4971,
4470,
3863,
3198,
2474,
1678,
822,
-46,
-890,
-1709,
-2508,
-3269,
-3945,
-4503,
-4945,
-5288,
-5527,
-5629,
-5578,
-5388,
-5089,
-4689,
-4168,
-3527,
-2798,
-2020,
-1212,
-364,
513,
1380,
2194,
2945,
3643,
4276,
4802,
5187,
5436,
5578,
5617,
5517,
5252,
4842,
4331,
3752,
3095,
2344,
1520,
664,
-196,
-1057,
-1905,
-2703,
-3412,
-4029,
-4581,
-5057,
-5410,
-5595,
-5630,
-5557,
-5392,
-5095,
-4633,
-4034,
-3360,
-2644,
-1871,
-1029,
-148,
717,
1543,
2340,
3105,
3799,
4383,
4850,
5218,
5476,
5596,
5565,
5410,
5161,
4805,
4310,
3678,
2963,
2218,
1437,
584,
-333,
-1244,
-2077,
-2815,
-3490,
-4113,
-4646,
-5049,
-5312,
-5457,
-5495,
-5416,
-5207,
-4880,
-4450,
-3913,
-3257,
-2504,
-1704,
-899,
-86,
762,
1633,
2464,
3199,
3824,
4366,
4831,
5185,
5396,
5468,
5435,
5300,
5035,
4625,
4093,
3482,
2804,
2051,
1229,
376,
-458,
-1271,
-2084,
-2886,
-3623,
-4232,
-4710,
-5078,
-5357,
-5517,
-5529,
-5397,
-5155,
-4814,
-4363,
-3788,
-3108,
-2368,
-1588,
-762,
104,
969,
1782,
2530,
3234,
3903,
4498,
4957,
5262,
5438,
5507,
5457,
5264,
4938,
4506,
3987,
3370,
2654,
1863,
1049,
229,
-603,
-1446,
-2263,
-3008,
-3661,
-4240,
-4741,
-5132,
-5377,
-5474,
-5454,
-5336,
-5103,
-4734,
-4230,
-3625,
-2947,
-2209,
-1413,
-576,
270,
1099,
1900,
2669,
3386,
4021,
4553,
4974,
5278,
5451,
5483,
5385,
5175,
4865,
4441,
3890,
3227,
2486,
1701,
884,
46,
-797,
-1615,
-2389,
-3113,
-3779,
-4367,
-4841,
-5180,
-5387,
-5472,
-5438,
-5268,
-4964,
-4546,
-4038,
-3451,
-2779,
-2029,
-1227,
-408,
413,
1231,
2034,
2787,
3458,
4043,
4549,
4959,
5241,
5379,
5384,
5280,
5069,
4730,
4267,
3710,
3083,
2382,
1590,
731,
-136,
-965,
-1747,
-2498,
-3205,
-3834,
-4362,
-4793,
-5132,
-5359,
-5435,
-5358,
-5163,
-4883,
-4506,
-3994,
-3356,
-2649,
-1920,
-1162,
-335,
552,
1424,
2209,
2903,
3544,
4141,
4646,
5004,
5220,
5335,
5365,
5273,
5030,
4648,
4174,
3617,
2959,
2206,
1407,
611,
-185,
-1013,
-1860,
-2660,
-3355,
-3945,
-4463,
-4901,
-5210,
-5362,
-5377,
-5295,
-5120,
-4822,
-4386,
-3843,
-3228,
-2544,
-1779,
-950,
-113,
696,
1476,
2247,
2989,
3656,
4213,
4664,
5020,
5271,
5388,
5365,
5214,
4953,
4577,
4080,
3474,
2795,
2066,
1292,
471,
-371,
-1196,
-1980,
-2718,
-3408,
-4023,
-4531,
-4920,
-5200,
-5375,
-5422,
-5321,
-5078,
-4728,
-4288,
-3752,
-3110,
-2376,
-1592,
-793,
19,
847,
1672,
2450,
3145,
3754,
4290,
4752,
5105,
5316,
5381,
5324,
5161,
4886,
4484,
3962,
3344,
2657,
1913,
1121,
297,
-530,
-1342,
-2125,
-2865,
-3537,
-4116,
-4591,
-4964,
-5229,
-5374,
-5386,
-5271,
-5050,
-4728,
-4278,
-3685,
-2976,
-2210,
-1435,
-651,
169,
1010,
1825,
2572,
3255,
3884,
4438,
4870,
5151,
5306,
5365,
5321,
5139,
4813,
4380,
3877,
3289,
2584,
1768,
913,
91,
-687,
-1452,
-2219,
-2947,
-3590,
-4134,
-4587,
-4946,
-5182,
-5283,
-5268,
-5147,
-4908,
-4525,
-4021,
-3449,
-2837,
-2152,
-1360,
-492,
367,
1160,
1901,
2628,
3327,
3936,
4417,
4786,
5077,
5274,
5324,
5211,
4976,
4653,
4238,
3707,
3065,
2359,
1620,
844,
26,
-803,
-1592,
-2323,
-3014,
-3668,
-4248,
-4699,
-5007,
-5199,
-5291,
-5268,
-5106,
-4815,
-4422,
-3939,
-3357,
-2673,
-1927,
-1162,
-391,
406,
1228,
2028,
2750,
3385,
3953,
4459,
4865,
5123,
5233,
5235,
5150,
4956,
4618,
4145,
3575,
2941,
2242,
1477,
670,
-141,
-935,
-1713,
-2468,
-3174,
-3794,
-4311,
-4727,
-5041,
-5236,
-5296,
-5221,
-5031,
-4739,
-4340,
-3829,
-3218,
-2530,
-1793,
-1015,
-209,
607,
1404,
2158,
2864,
3516,
4095,
4560,
4897,
5121,
5256,
5289,
5180,
4904,
4493,
4001,
3452,
2828,
2111,
1325,
514,
-288,
-1084,
-1871,
-2610,
-3261,
-3812,
-4283,
-4683,
-4985,
-5153,
-5190,
-5122,
-4954,
-4661,
-4219,
-3647,
-3007,
-2334,
-1622,
-853,
-42,
763,
1528,
2249,
2938,
3569,
4108,
4535,
4856,
5075,
5172,
5130,
4965,
4710,
4372,
3916,
3314,
2602,
1857,
1120,
374,
-412,
-1223,
-2001,
-2704,
-3332,
-3899,
-4384,
-4750,
-4988,
-5120,
-5164,
-5099,
-4894,
-4553,
-4107,
-3576,
-2955,
-2251,
-1501,
-746,
16,
813,
1636,
2421,
3101,
3675,
4176,
4613,
4937,
5106,
5141,
5083,
4944,
4682,
4278,
3758,
3176,
2536,
1823,
1035,
228,
-549,
-1297,
-2048,
-2798,
-3486,
-4046,
-4466,
-4788,
-5036,
-5187,
-5200,
-5066,
-4807,
-4452,
-4001,
-3450,
-2818,
-2126,
-1393,
-614,
199,
1007,
1773,
2486,
3153,
3770,
4293,
4685,
4947,
5108,
5178,
5134,
4943,
4615,
4184,
3676,
3085,
2402,
1652,
875,
96,
-689,
-1478,
-2238,
-2921,
-3522,
-4060,
-4538,
-4906,
-5101,
-5116,
-5018,
-4865,
-4647,
-4309,
-3828,
-3239,
-2599,
-1925,
-1203,
-436,
349,
1115,
1851,
2555,
3216,
3793,
4253,
4600,
4848,
5004,
5051,
4971,
4764,
4442,
4018,
3490,
2871,
2189,
1470,
724,
-46,
-828,
-1588,
-2297,
-2952,
-3555,
-4083,
-4500,
-4784,
-4954,
-5040,
-5037,
-4904,
-4616,
-4194,
-3692,
-3136,
-2510,
-1799,
-1029,
-250,
508,
1258,
2002,
2709,
3335,
3866,
4311,
4675,
4933,
5058,
5056,
4954,
4750,
4418,
3945,
3363,
2732,
2070,
1360,
589,
-213,
-997,
-1739,
-2443,
-3107,
-3697,
-4182,
-4556,
-4838,
-5024,
-5091,
-5022,
-4837,
-4555,
-4171,
-3669,
-3062,
-2396,
-1705,
-975,
-185,
646,
1453,
2180,
2828,
3426,
3975,
4427,
4744,
4935,
5029,
5028,
4908,
4655,
4291,
3847,
3316,
2685,
1969,
1223,
481,
-264,
-1044,
-1842,
-2595,
-3245,
-3785,
-4242,
-4621,
-4886,
-5019,
-5038,
-4973,
-4814,
-4520,
-4078,
-3529,
-2927,
-2283,
-1573,
-798,
-5,
754,
1477,
2198,
2915,
3568,
4088,
4468,
4745,
4947,
5052,
5024,
4859,
4588,
4227,
3768,
3198,
2542,
1839,
1109,
350,
-439,
-1222,
-1962,
-2640,
-3270,
-3844,
-4326,
-4681,
-4912,
-5042,
-5081,
-4999,
-4769,
-4402,
-3945,
-3428,
-2839,
-2167,
-1427,
-655,
123,
900,
1666,
2388,
3032,
3596,
4092,
4521,
4846,
5030,
5070,
4997,
4829,
4557,
4161,
3650,
3054,
2398,
1687,
930,
150,
-614,
-1345,
-2047,
-2722,
-3341,
-3867,
-4283,
-4600,
-4829,
-4954,
-4948,
-4806,
-4556,
-4220,
-3793,
-3260,
-2630,
-1940,
-1229,
-499,
256,
1023,
1761,
2438,
3056,
3628,
4132,
4520,
4762,
4883,
4917,
4862,
4690,
4393,
3994,
3520,
2959,
2290,
1531,
749,
-4,
-730,
-1455,
-2180,
-2857,
-3442,
-3934,
-4342,
-4664,
-4870,
-4946,
-4913,
-4789,
-4563,
-4206,
-3728,
-3167,
-2566,
-1915,
-1178,
-373,
438,
1194,
1888,
2553,
3191,
3759,
4212,
4547,
4789,
4937,
4964,
4855,
4632,
4327,
3933,
3427,
2813,
2136,
1441,
722,
-54,
-872,
-1662,
-2360,
-2963,
-3511,
-4020,
-4449,
-4750,
-4915,
-4970,
-4925,
-4765,
-4481,
-4094,
-3626,
-3076,
-2436,
-1729,
-995,
-258,
489,
1249,
1988,
2661,
3248,
3771,
4238,
4614,
4849,
4932,
4899,
4785,
4585,
4268,
3822,
3273,
2663,
2006,
1297,
543,
-227,
-977,
-1685,
-2349,
-2967,
-3524,
-4001,
-4379,
-4651,
-4805,
-4839,
-4760,
-4581,
-4311,
-3940,
-3462,
-2885,
-2237,
-1548,
-832,
-95,
650,
1374,
2056,
2693,
3284,
3808,
4230,
4530,
4715,
4805,
4803,
4691,
4449,
4087,
3634,
3109,
2511,
1841,
1122,
385,
-352,
-1083,
-1805,
-2485,
-3096,
-3623,
-4077,
-4450,
-4714,
-4846,
-4852,
-4756,
-4574,
-4289,
-3881,
-3357,
-2760,
-2120,
-1438,
-708,
56,
811,
1527,
2201,
2830,
3400,
3885,
4277,
4578,
4784,
4867,
4810,
4632,
4374,
4044,
3611,
3046,
2375,
1667,
964,
257,
-482,
-1238,
-1957,
-2601,
-3178,
-3705,
-4160,
-4499,
-4700,
-4799,
-4824,
-4756,
-4551,
-4207,
-3772,
-3281,
-2716,
-2047,
-1294,
-524,
213,
922,
1626,
2319,
2956,
3509,
3980,
4367,
4647,
4794,
4817,
4744,
4588,
4329,
3947,
3461,
2907,
2297,
1618,
878,
118,
-610,
-1304,
-1989,
-2675,
-3317,
-3850,
-4241,
-4504,
-4666,
-4740,
-4720,
-4600,
-4378,
-4052,
-3619,
-3091,
-2496,
-1858,
-1184,
-468,
275,
1005,
1692,
2330,
2937,
3504,
3991,
4353,
4583,
4704,
4731,
4654,
4461,
4158,
3769,
3301,
2746,
2108,
1417,
712,
2,
-720,
-1445,
-2136,
-2749,
-3280,
-3753,
-4173,
-4507,
-4706,
-4760,
-4694,
-4546,
-4312,
-3973,
-3520,
-2977,
-2373,
-1725,
-1036,
-314,
417,
1133,
1818,
2465,
3060,
3579,
4003,
4327,
4559,
4697,
4725,
4628,
4416,
4103,
3699,
3205,
2622,
1971,
1285,
585,
-132,
-860,
-1576,
-2244,
-2849,
-3397,
-3882,
-4271,
-4530,
-4667,
-4714,
-4681,
-4542,
-4264,
-3865,
-3389,
-2861,
-2268,
-1596,
-868,
-135,
572,
1261,
1941,
2593,
3177,
3670,
4077,
4398,
4621,
4723,
4706,
4591,
4386,
4070,
3627,
3081,
2479,
1849,
1179,
458,
-288,
-1013,
-1693,
-2342,
-2958,
-3508,
-3953,
-4290,
-4545,
-4723,
-4785,
-4698,
-4480,
-4183,
-3830,
-3382,
-2807,
-2129,
-1419,
-723,
-27,
699,
1433,
2123,
2730,
3265,
3746,
4160,
4466,
4650,
4723,
4699,
4567,
4321,
3970,
3534,
3016,
2416,
1748,
1054,
364,
-336,
-1066,
-1808,
-2499,
-3086,
-3574,
-3993,
-4344,
-4591,
-4708,
-4712,
-4630,
-4459,
-4171,
-3755,
-3241,
-2672,
-2054,
-1377,
-650,
85,
794,
1478,
2154,
2813,
3409,
3890,
4246,
4496,
4659,
4726,
4675,
4507,
4242,
3891,
3445,
2896,
2263,
1587,
900,
205,
-504,
-1207,
-1876,
-2491,
-3059,
-3573,
-4005,
-4322,
-4514,
-4605,
-4610,
-4517,
-4301,
-3965,
-3541,
-3058,
-2514,
-1895,
-1210,
-497,
208,
899,
1580,
2243,
2850,
3371,
3800,
4151,
4422,
4591,
4636,
4556,
4375,
4104,
3735,
3267,
2716,
2108,
1461,
777,
62,
-656,
-1348,
-1998,
-2607,
-3172,
-3663,
-4056,
-4343,
-4534,
-4628,
-4609,
-4470,
-4222,
-3889,
-3472,
-2962,
-2366,
-1717,
-1052,
-377,
322,
1041,
1739,
2376,
2939,
3441,
3879,
4222,
4442,
4555,
4590,
4547,
4387,
4083,
3655,
3157,
2610,
2003,
1333,
625,
-80,
-772,
-1458,
-2127,
-2743,
-3279,
-3737,
-4118,
-4405,
-4570,
-4610,
-4558,
-4433,
-4209,
-3861,
-3397,
-2868,
-2303,
-1688,
-992,
-234,
518,
1210,
1847,
2465,
3055,
3572,
3972,
4263,
4476,
4611,
4637,
4527,
4296,
3976,
3579,
3097,
2534,
1915,
1261,
575,
-149,
-886,
-1587,
-2216,
-2775,
-3281,
-3728,
-4083,
-4329,
-4470,
-4526,
-4491,
-4338,
-4060,
-3682,
-3239,
-2730,
-2144,
-1490,
-805,
-126,
546,
1231,
1916,
2554,
3100,
3551,
3926,
4231,
4433,
4509,
4469,
4343,
4141,
3840,
3422,
2907,
2337,
1734,
1092,
409,
-289,
-974,
-1632,
-2263,
-2852,
-3370,
-3787,
-4100,
-4324,
-4468,
-4516,
-4451,
-4270,
-3988,
-3612,
-3146,
-2600,
-1995,
-1355,
-689,
-2,
690,
1368,
2006,
2595,
3131,
3602,
3981,
4247,
4405,
4472,
4456,
4339,
4098,
3743,
3307,
2811,
2251,
1622,
940,
246,
-435,
-1104,
-1763,
-2392,
-2960,
-3440,
-3836,
-4158,
-4396,
-4525,
-4531,
-4421,
-4209,
-3905,
-3510,
-3030,
-2487,
-1892,
-1252,
-567,
141,
840,
1507,
2139,
2731,
3262,
3700,
4037,
4288,
4458,
4528,
4477,
4309,
4054,
3724,
3299,
2762,
2136,
1472,
804,
129,
-564,
-1254,
-1909,
-2508,
-3056,
-3539,
-3922,
-4174,
-4310,
-4370,
-4375,
-4291,
-4084,
-3759,
-3360,
-2908,
-2387,
-1772,
-1086,
-390,
276,
919,
1564,
2199,
2780,
3270,
3671,
3989,
4224,
4352,
4378,
4320,
4181,
3938,
3565,
3085,
2551,
1998,
1401,
732,
9,
-702,
-1354,
-1952,
-2526,
-3070,
-3537,
-3890,
-4137,
-4305,
-4396,
-4382,
-4249,
-4015,
-3701,
-3305,
-2817,
-2249,
-1640,
-1008,
-349,
337,
1022,
1666,
2255,
2803,
3316,
3756,
4077,
4272,
4374,
4403,
4340,
4150,
3838,
3440,
2992,
2485,
1905,
1262,
591,
-85,
-758,
-1425,
-2056,
-2621,
-3112,
-3547,
-3924,
-4214,
-4379,
-4418,
-4357,
-4217,
-3988,
-3649,
-3205,
-2688,
-2127,
-1522,
-868,
-183,
501,
1157,
1782,
2380,
2931,
3405,
3782,
4066,
4272,
4388,
4389,
4271,
4051,
3755,
3381,
2913,
2357,
1744,
1110,
463,
-205,
-885,
-1545,
-2152,
-2701,
-3207,
-3660,
-4019,
-4245,
-4349,
-4372,
-4332,
-4204,
-3947,
-3562,
-3093,
-2578,
-2018,
-1396,
-725,
-45,
617,
1260,
1892,
2495,
3028,
3471,
3832,
4118,
4312,
4391,
4361,
4246,
4052,
3760,
3343,
2815,
2232,
1632,
1011,
348,
-347,
-1031,
-1668,
-2259,
-2816,
-3321,
-3738,
-4046,
-4258,
-4389,
-4424,
-4340,
-4143,
-3862,
-3518,
-3093,
-2557,
-1925,
-1256,
-592,
65,
739,
1418,
2053,
2610,
3095,
3536,
3923,
4209,
4363,
4403,
4362,
4237,
4006,
3654,
3213,
2714,
2158,
1531,
847,
156,
-500,
-1125,
-1737,
-2331,
-2871,
-3323,
-3687,
-3978,
-4186,
-4287,
-4274,
-4167,
-3986,
-3719,
-3346,
-2875,
-2343,
-1773,
-1164,
-513,
156,
804,
1420,
2018,
2601,
3137,
3577,
3896,
4110,
4236,
4277,
4219,
4064,
3823,
3499,
3084,
2576,
2000,
1389,
756,
106,
-554,
-1201,
-1806,
-2367,
-2891,
-3370,
-3765,
-4044,
-4203,
-4271,
-4263,
-4170,
-3968,
-3655,
-3253,
-2788,
-2262,
-1675,
-1039,
-382,
272,
919,
1556,
2163,
2712,
3185,
3585,
3917,
4158,
4288,
4297,
4207,
4033,
3778,
3431,
2989,
2471,
1901,
1292,
647,
-24,
-695,
-1337,
-1937,
-2492,
-2997,
-3436,
-3791,
-4059,
-4237,
-4318,
-4287,
-4137,
-3889,
-3567,
-3174,
-2697,
-2138,
-1527,
-899,
-263,
389,
1052,
1692,
2271,
2787,
3251,
3656,
3967,
4157,
4243,
4259,
4207,
4049,
3754,
3337,
2856,
2338,
1778,
1160,
502,
-157,
-789,
-1393,
-1980,
-2533,
-3023,
-3435,
-3762,
-4006,
-4149,
-4180,
-4112,
-3970,
-3759,
-3454,
-3036,
-2521,
-1954,
-1367,
-755,
-116,
533,
1158,
1743,
2295,
2815,
3273,
3634,
3891,
4064,
4163,
4171,
4072,
3866,
3573,
3205,
2754,
2225,
1649,
1057,
445,
-204,
-882,
-1540,
-2128,
-2637,
-3093,
-3500,
-3834,
-4060,
-4172,
-4190,
-4124,
-3964,
-3705,
-3358,
-2942,
-2459,
-1905,
-1293,
-662,
-37,
588,
1225,
1858,
2439,
2925,
3326,
3665,
3948,
4139,
4203,
4150,
4014,
3810,
3520,
3127,
2645,
2110,
1543,
939,
300,
-355,
-985,
-1580,
-2151,
-2700,
-3195,
-3588,
-3862,
-4037,
-4143,
-4178,
-4113,
-3932,
-3651,
-3293,
-2862,
-2356,
-1783,
-1174,
-554,
77,
718,
1351,
1946,
2484,
2969,
3398,
3748,
3989,
4116,
4150,
4110,
3987,
3758,
3424,
3011,
2544,
2022,
1432,
791,
141,
-485,
-1090,
-1690,
-2278,
-2806,
-3229,
-3545,
-3786,
-3967,
-4071,
-4073,
-3968,
-3773,
-3495,
-3133,
-2687,
-2176,
-1627,
-1045,
-431,
203,
829,
1423,
1983,
2509,
2984,
3377,
3674,
3892,
4042,
4105,
4050,
3868,
3593,
3259,
2866,
2395,
1846,
1253,
648,
40,
-584,
-1211,
-1805,
-2335,
-2801,
-3216,
-3573,
-3844,
-4007,
-4071,
-4053,
-3951,
-3748,
-3443,
-3062,
-2623,
-2125,
-1556,
-931,
-291,
331,
933,
1525,
2096,
2614,
3054,
3417,
3710,
3924,
4038,
4050,
3976,
3829,
3592,
3247,
2805,
2305,
1778,
1216,
599,
-65,
-727,
-1338,
-1891,
-2411,
-2902,
-3330,
-3658,
-3878,
-4010,
-4066,
-4037,
-3906,
-3673,
-3365,
-2988,
-2534,
-2006,
-1428,
-833,
-230,
395,
1034,
1654,
2213,
2700,
3127,
3495,
3782,
3965,
4051,
4054,
3971,
3789,
3502,
3131,
2705,
2229,
1689,
1088,
458,
-163,
-770,
-1371,
-1958,
-2497,
-2955,
-3338,
-3657,
-3913,
-4074,
-4111,
-4033,
-3866,
-3631,
-3317,
-2912,
-2425,
-1888,
-1322,
-725,
-97,
540,
1152,
1726,
2263,
2762,
3200,
3550,
3808,
3979,
4067,
4056,
3939,
3725,
3433,
3067,
2623,
2103,
1533,
946,
351,
-262,
-894,
-1511,
-2077,
-2577,
-3020,
-3406,
-3714,
-3919,
-4023,
-4048,
-3999,
-3856,
-3602,
-3246,
-2816,
-2334,
-1799,
-1211,
-593,
31,
643,
1246,
1834,
2382,
2865,
3270,
3603,
3857,
4016,
4067,
4020,
3888,
3674,
3360,
2945,
2455,
1930,
1387,
815,
213,
-406,
-1008,
-1572,
-2103,
-2601,
-3043,
-3400,
-3659,
-3839,
-3952,
-3983,
-3903,
-3706,
-3425,
-3091,
-2697,
-2221,
-1661,
-1056,
-452,
140,
734,
1330,
1901,
2415,
2862,
3243,
3555,
3784,
3918,
3965,
3932,
3808,
3576,
3245,
2848,
2407,
1913,
1345,
716,
73,
-538,
-1114,
-1671,
-2209,
-2700,
-3115,
-3449,
-3708,
-3889,
-3969,
-3941,
-3828,
-3648,
-3395,
-3039,
-2585,
-2075,
-1550,
-1006,
-414,
231,
878,
1473,
2002,
2486,
2935,
3319,
3606,
3792,
3904,
3947,
3905,
3757,
3508,
3178,
2775,
2303,
1772,
1207,
625,
27,
-584,
-1186,
-1746,
-2253,
-2725,
-3161,
-3529,
-3780,
-3906,
-3940,
-3913,
-3818,
-3623,
-3317,
-2932,
-2494,
-2008,
-1461,
-864,
-253,
347,
931,
1509,
2066,
2570,
2996,
3345,
3628,
3840,
3961,
3973,
3880,
3698,
3436,
3093,
2677,
2200,
1678,
1116,
520,
-92,
-696,
-1270,
-1810,
-2314,
-2768,
-3152,
-3449,
-3661,
-3803,
-3870,
-3842,
-3707,
-3472,
-3162,
-2791,
-2354,
-1851,
-1301,
-725,
-142,
446,
1033,
1596,
2114,
2576,
2983,
3330,
3595,
3757,
3824,
3814,
3738,
3579,
3310,
2941,
2501,
2022,
1511,
959,
377,
-215,
-796,
-1359,
-1904,
-2411,
-2853,
-3212,
-3488,
-3690,
-3813,
-3847,
-3795,
-3666,
-3459,
-3155,
-2743,
-2251,
-1721,
-1181,
-626,
-39,
562,
1142,
1680,
2181,
2651,
3063,
3384,
3605,
3746,
3828,
3832,
3727,
3515,
3228,
2897,
2499,
2004,
1425,
818,
231,
-333,
-902,
-1478,
-2024,
-2501,
-2910,
-3260,
-3546,
-3744,
-3845,
-3861,
-3801,
-3648,
-3388,
-3040,
-2640,
-2201,
-1704,
-1142,
-545,
45,
619,
1196,
1777,
2320,
2775,
3131,
3421,
3654,
3811,
3864,
3816,
3686,
3487,
3202,
2822,
2369,
1874,
1348,
783,
183,
-422,
-996,
-1533,
-2055,
-2560,
-3009,
-3355,
-3591,
-3745,
-3834,
-3845,
-3756,
-3570,
-3308,
-2979,
-2577,
-2097,
-1563,
-1005,
-439,
143,
737,
1319,
1854,
2336,
2777,
3177,
3495,
3701,
3795,
3818,
3786,
3677,
3458,
3127,
2720,
2270,
1781,
1242,
657,
59,
-521,
-1083,
-1634,
-2163,
-2637,
-3032,
-3344,
-3591,
-3768,
-3855,
-3834,
-3716,
-3522,
-3260,
-2918,
-2487,
-1991,
-1462,
-914,
-338,
266,
866,
1427,
1942,
2429,
2882,
3261,
3518,
3656,
3718,
3737,
3692,
3543,
3281,
2943,
2562,
2138,
1649,
1103,
532,
-41,
-612,
-1179,
-1721,
-2204,
-2623,
-2995,
-3320,
-3571,
-3713,
-3748,
-3710,
-3608,
-3426,
-3135,
-2748,
-2304,
-1832,
-1322,
-767,
-183,
397,
952,
1486,
2001,
2472,
2873,
3197,
3451,
3636,
3730,
3723,
3631,
3474,
3252,
2934,
2522,
2051,
1559,
1045,
484,
-126,
-735,
-1295,
-1793,
-2258,
-2704,
-3098,
-3396,
-3587,
-3691,
-3726,
-3687,
-3560,
-3348,
-3064,
-2711,
-2278,
-1775,
-1233,
-685,
-134,
437,
1029,
1602,
2112,
2548,
2923,
3247,
3501,
3660,
3722,
3709,
3629,
3463,
3199,
2849,
2441,
1988,
1484,
929,
353,
-218,
-772,
-1324,
-1873,
-2383,
-2813,
-3150,
-3413,
-3611,
-3733,
-3757,
-3681,
-3526,
-3304,
-3008,
-2631,
-2180,
-1682,
-1153,
-594,
-13,
572,
1136,
1658,
2141,
2582,
2971,
3289,
3523,
3678,
3754,
3739,
3619,
3391,
3077,
2706,
2286,
1824,
1318,
786,
242,
-310,
-865,
-1406,
-1906,
-2349,
-2740,
-3076,
-3345,
-3523,
-3603,
-3602,
-3533,
-3391,
-3161,
-2843,
-2453,
-2011,
-1529,
-1010,
-461,
98,
648,
1180,
1690,
2169,
2598,
2960,
3250,
3463,
3591,
3626,
3573,
3445,
3249,
2981,
2630,
2202,
1719,
1207,
673,
120,
-441,
-984,
-1498,
-1978,
-2427,
-2828,
-3152,
-3381,
-3528,
-3611,
-3631,
-3561,
-3383,
-3108,
-2769,
-2381,
-1942,
-1445,
-906,
-353,
198,
746,
1289,
1805,
2267,
2669,
3015,
3303,
3509,
3619,
3633,
3573,
3442,
3229,
2930,
2561,
2144,
1680,
1157,
586,
0,
-564,
-1094,
-1604,
-2087,
-2521,
-2887,
-3184,
-3422,
-3589,
-3657,
-3620,
-3498,
-3320,
-3077,
-2749,
-2329,
-1856,
-1366,
-860,
-311,
283,
876,
1416,
1890,
2325,
2733,
3086,
3345,
3501,
3587,
3616,
3569,
3422,
3177,
2864,
2499,
2069,
1569,
1032,
495,
-36,
-577,
-1129,
-1657,
-2122,
-2519,
-2864,
-3158,
-3375,
-3488,
-3511,
-3466,
-3362,
-3182,
-2909,
-2563,
-2167,
-1728,
-1236,
-701,
-154,
378,
891,
1395,
1884,
2328,
2703,
3008,
3252,
3427,
3518,
3516,
3429,
3268,
3033,
2720,
2334,
1900,
1429,
925,
391,
-152,
-688,
-1208,
-1706,
-2162,
-2559,
-2896,
-3177,
-3385,
-3500,
-3520,
-3470,
-3359,
-3154,
-2838,
-2459,
-2081,
-1685,
-1170,
-524,
80,
387,
324,
82,
-67,
-37,
51,
67,
17,
-12,
12,
40,
33,
9,
6,
22,
28,
21,
17,
20,
22,
22,
21,
21,
12,
1,
-4,
0,
3,
1,
-2,
-1,
2,
1,
-1,
-1,
2,
0,
-2,
-1,
1,
2,
0,
-1,
0,
0,
0,
-1,
1,
1,
0,
-1,
-1,
0,
-1,
-1,
0,
1,
0,
0,
0,
0,
-1,
0,
1,
0,
-1,
1,
0,
0,
0,
-1,
0,
0,
0,
-1,
0,
0,
0,
0,
0,
1,
0,
1,
1,
0,
0,
0,
0,
0,
0,
-1,
-1,
1,
1,
0,
-1,
-1,
0,
0,
0,
0,
0,
0,
0,
0,
1,
0,
0,
0,
-1,
0,
0,
-1,
0,
0,
1,
-1,
0,
1,
1,
0,
-1,
0,
1,
1,
0,
-1,
0,
0,
0,
-1,
0,
0,
0,
1,
0,
1,
0,
0,
-1,
0,
0,
-1,
0,
0,
1,
0,
0,
-1,
0,
-1,
-1,
-1,
-1,
-1,
0,
1,
0,
1,
0,
0,
1,
0,
0,
0,
-1,
0,
0,
0,
0,
1,
-1,
-1,
0,
0,
0,
0,
0,
0,
0,
0,
-1,
0,
0,
1,
1,
0,
0,
-1,
0,
0,
1,
0,
-1,
-1,
0,
1,
0,
0,
0,
-1,
0,
0,
0,
0,
0,
0,
0,
1,
-1,
0,
0,
-1,
0,
-1,
-1,
0,
-1,
0,
0,
0,
0,
0,
1,
-1,
-1,
-1,
0,
1,
0,
1,
0,
-1,
1,
1,
1,
0,
0,
0,
0,
0,
0,
0,
1,
1,
0,
0,
0,
0,
1,
0,
0,
0,
0,
0,
0,
0,
0,
1,
0,
-2,
-1,
0,
0,
-1,
0,
0,
-1,
1,
0,
0,
1,
0,
0,
1,
-1,
0,
0,
0,
0,
0,
0,
0,
0,
0,
0,
0,
0,
0,
0,
0,
1,
0,
1,
0,
0,
0,
0,
1,
0,
0,
0,
0,
0,
0,
1,
0,
0,
0,
0,
0,
1,
0,
0,
0,
0,
1,
0,
0,
0,
0,
0,
0,
0,
0,
1,
0,
0,
-1,
0,
0,
0,
-1,
0,
0,
0,
1,
0,
0,
1,
1,
0,
0,
0,
0,
0,
1,
0,
0,
0,
0,
0,
0,
0,
0,
0,
0,
-1,
-1,
0,
0,
0,
-1,
1,
0,
1,
0,
1,
0,
0,
0,
0,
-1,
0,
-1,
-2,
-1,
-1,
1,
1,
0,
0,
0,
0,
-1,
0,
0,
0,
0,
0,
0,
-1,
0,
0,
1,
0,
0,
0,
0,
0,
0,
0,
0,
1,
0,
0,
0,
0,
1,
-1,
0,
0,
1,
-1,
0,
0,
0,
0,
-1,
1,
0,
1,
0,
0,
0,
-1,
0,
1,
-1,
-1,
0,
0,
1,
0,
0,
0,
1,
0,
0,
0,
1,
1,
0,
-1,
0,
0,
0,
-1,
0,
0,
0,
0,
0,
0,
0,
-1,
1,
0,
0,
0,
1,
0,
0,
0,
1,
0,
0,
0,
0,
0,
0,
-1,
0,
0,
0,
0,
0,
0,
-1,
-1,
0,
-1,
0,
0,
1,
0,
1,
0,
1,
0,
0,
0,
-1,
-1,
0,
-1,
-1,
0,
1,
0,
0,
0,
1,
0,
0,
-1,
-1,
0,
0,
0,
0,
0,
0,
1,
1,
1,
0,
0,
0,
-1,
-1,
0,
-1,
0,
-1,
0,
-1,
0,
-1,
0,
0,
0,
0,
0,
0,
1,
1,
1,
0,
0,
0,
0,
1,
0,
0,
1,
1,
1,
0,
0,
0,
0,
0,
-1,
-1,
-1,
-1,
0,
0,
0,
0,
0,
-1,
-1,
0,
0,
0,
0,
0,
1,
1,
0,
0,
-1,
0,
0,
0,
0,
1,
1,
1,
1,
0,
0,
-1,
0,
-1,
0,
0,
-1,
0,
0,
0,
0,
0,
0,
0,
0,
0,
-1,
-1,
0,
0,
-1,
-1,
0,
0,
0,
0,
0,
1,
0,
0,
-1,
0,
-1,
0,
0,
0,
1,
0,
0,
0,
-1,
-1,
1,
1,
-1,
-1,
0,
0,
0,
-1,
0,
0,
-1,
0,
0,
0,
0,
0,
0,
-1,
-1,
-1,
-1,
0,
0,
0,
0,
0,
0,
0,
0,
0,
0,
-1,
-1,
0,
0,
0,
0,
1,
1,
0,
0,
0,
1,
1,
1,
0,
0,
-1,
0,
0,
-1,
-1,
0,
-1,
0,
1,
1,
1,
1,
0,
0,
0,
0,
0,
-1,
0,
0,
1,
0,
0,
0,
0,
0,
0,
-1,
0,
0,
-1,
0,
0,
1,
0,
1,
0,
0,
-1,
0,
1,
0,
0,
-1,
0,
0,
1,
0,
0,
1,
0,
1,
0,
0,
-1,
0,
0,
0,
0,
-1,
-1,
0,
0,
0,
0,
0,
0,
0,
0,
-1,
-1,
1,
1,
0,
0,
0,
0,
1,
0,
1,
0,
0,
0,
-1,
0,
-1,
0,
0,
0,
1,
0,
0,
1,
0,
1,
0,
-1,
-1,
-1,
1,
0,
0,
0,
0,
1,
0,
0,
0,
0,
0,
1,
0,
1,
0,
1,
0,
0,
0,
0,
1,
0,
0,
0,
-1,
0,
0,
0,
0,
0,
0,
0,
-1,
1,
1,
0,
-1,
-1,
0,
0,
0,
0,
0,
0,
0,
0,
-1,
-1,
0,
0,
-1,
-1,
0,
1,
0,
-1,
0,
1,
1,
0,
-1,
0,
0,
0,
0,
1,
0,
0,
-1,
-1,
0,
-1,
-1,
0,
0,
0,
0,
-1,
0,
1,
0,
0,
1,
0,
-1,
0,
0,
0,
-1,
-1,
0,
0,
0,
0,
0,
0,
-1,
0,
0,
1,
0,
0,
1,
-1,
-1,
0,
1,
1,
0,
0,
1,
0,
1,
0,
0,
0,
1,
0,
0,
-1,
0,
0,
0,
-1,
0,
0,
1,
0,
0,
0,
1,
0,
-1,
0,
0,
0,
0,
0,
0,
0,
0,
0,
1,
1,
1,
1,
1,
1,
0,
0,
0,
0,
1,
1,
1,
0,
-1,
0,
0,
0,
0,
0,
0,
0,
0,
1,
0,
0,
0,
0,
-1,
0,
0,
0,
-1,
-1,
0,
0,
1,
1,
-1,
0,
1,
0,
0,
-1,
0,
0,
0,
0,
0,
-1,
-1,
0,
0,
0,
0,
0,
-1,
0,
0,
0,
0,
-1,
0,
-1,
0,
0,
0,
0,
-1,
1,
0,
0,
0,
-1,
-1,
0,
1,
-1,
0,
0,
0,
0,
0,
0,
-1,
0,
0,
0,
0,
-1,
0,
0,
0,
0,
-1,
-1,
0,
0,
-1,
-1,
0,
1,
0,
0,
0,
0,
-1,
-1,
0,
0,
1,
0,
-1,
0,
1,
0,
0,
0,
0,
0,
0,
0,
0,
0,
0,
0,
1,
-1,
1,
0,
0,
0,
0,
0,
0,
0,
0,
-1,
-1,
0,
-1,
0,
0,
0,
0,
0,
-1,
1,
0,
1,
0,
-1,
0,
-1,
-1,
0,
0,
0,
0,
0,
0,
0,
-1,
-1,
0,
0,
0,
0,
1,
0,
0,
1,
1,
-1,
0,
0,
-1,
0,
1,
0,
0,
0,
0,
0,
0,
0,
0,
1,
0,
-1,
-1,
0,
0,
0,
0,
0,
0,
0,
0,
-1,
0,
0,
-1,
0,
0,
0,
0,
0,
0,
0,
0,
1,
0,
0,
0,
0,
-1,
0,
1,
0,
0,
0,
-1,
1,
0,
1,
0,
0,
0,
0,
0,
1,
0,
0,
0,
0,
0,
0,
0,
0,
1,
0,
1,
0,
0,
0,
1,
0,
0,
0,
0,
0,
0,
0,
0,
1,
0,
0,
-1,
-1,
0,
0,
1,
1,
1,
0,
0,
0,
1,
0,
-1,
0,
1,
1,
1,
-1,
0,
0,
0,
0,
1,
1,
1,
0,
0,
0,
-1,
0,
1,
0,
-1,
0,
1,
1,
0,
0,
0,
1,
1,
1,
0,
0,
0,
1,
0,
0,
1,
0,
0,
-1,
0,
0,
0,
0,
0,
0,
0,
0,
1,
-1,
0,
-1,
0,
-1,
-1,
0,
-1,
-1,
0,
1,
0,
0,
0,
0,
0,
-1,
-1,
-1,
0,
0,
0,
0,
0,
0,
0,
-1,
0,
0,
1,
0,
1,
0,
0,
0,
1,
2,
0,
0,
0,
0,
0,
0,
0,
1,
0,
-1,
-1,
-1,
1,
0,
1,
1,
1,
0,
0,
0,
0,
1,
-1,
-1,
-1,
0,
-1,
1,
0,
1,
1,
0,
1,
0,
0,
0,
0,
0,
0,
0,
0,
0,
0,
1,
0,
0,
0,
1,
-1,
1,
0,
0,
1,
0,
0,
0,
0,
-1,
-1,
-1,
0,
0,
-1,
-1,
-1,
-1,
-1,
0,
0,
-1,
1,
-1,
0,
0,
0,
0,
-1,
0,
0,
0,
0,
0,
-1,
-1,
-1,
-1,
-1,
0,
0,
0,
1,
0,
1,
-1,
0,
0,
0,
0,
0,
0,
0,
0,
0,
0,
0,
-1,
0,
0,
0,
0,
0,
0,
-1,
0,
0,
0,
0,
-1,
-1,
-1,
0,
0,
-1,
-2,
0,
1,
0,
1,
1,
0,
0,
0,
-1,
0,
0,
0,
0,
0,
0,
1,
0,
0,
0,
1,
-1,
0,
0,
1,
-1,
0,
-1,
0,
-1,
0,
0,
0,
-1,
-1,
0,
1,
1,
-1,
0,
1,
1,
1,
1,
0,
0,
0,
-1,
-1,
0,
0,
0,
0,
0,
1,
-1,
0,
1,
0,
0,
1,
0,
-1,
-1,
1,
0,
-1,
0,
0,
0,
0,
-1,
0,
0,
0,
0,
0,
0,
0,
-1,
0,
0,
-1,
-1,
-1,
-1,
-1,
0,
0,
0,
-1,
0,
0,
-1,
0,
-1,
0,
0,
0,
0,
0,
-1,
0,
-1,
0,
0,
1,
0,
1,
1,
0,
-1,
0,
0,
-1,
0,
0,
1,
-1,
0,
0,
-1,
0,
1,
1,
0,
1,
1,
1,
0,
0,
0,
-1,
0,
0,
0,
0,
0,
0,
0,
1,
1,
-1,
0,
0,
-1,
0,
0,
0,
0,
0,
1,
0,
-1,
0,
-2,
-1,
0,
0,
0,
1,
1,
0,
0,
1,
1,
0,
-1,
0,
0,
1,
-1,
0,
0,
0,
-1,
-1,
0,
1,
0,
1,
2,
1,
0,
1,
0,
1,
0,
0,
0,
0,
1,
0,
0,
0,
0,
0,
1,
0,
-1,
-1,
0,
0,
0,
0,
0,
-1,
0,
0,
1,
0,
1,
0,
0,
0,
0,
0,
0,
1,
0,
-1,
0,
0,
-1,
0,
0,
1,
-1,
1,
0,
0,
0,
0,
0,
0,
0,
0,
0,
0,
0,
-1,
0,
0,
0,
-1,
1,
1,
0,
-1,
-1,
0,
0,
0,
0,
0,
0,
1,
0,
-1,
0,
-1,
1,
1,
0,
-1,
-1,
0,
1,
0,
0,
0,
0,
-1,
0,
1,
0,
0,
0,
0,
0,
-1,
0,
0,
0,
0,
0,
1,
1,
0,
0,
-1,
0,
0,
1,
0,
1,
1,
0,
0,
0,
0,
0,
0,
0,
0,
0,
-1,
0,
1,
0,
1,
0,
1,
0,
-1,
0,
0,
-1,
-1,
0,
0,
0,
0,
1,
-1,
0,
0,
-1,
0,
0,
0,
0,
-1,
-2,
-1,
0,
1,
1,
-1,
-1,
-1,
0,
0,
1,
0,
-1,
0,
0,
0,
0,
1,
1,
1,
0,
1,
0,
0,
0,
1,
0,
0,
0,
1,
0,